[0m[38;2;0;0;0m [38;2;0;0;0m           [38;2;0;0;0m [38;2;0;0;0m [38;2;0;0;0m [38;2;1;1;1m [38;2;1;1;1m  [38;2;1;1;1m [38;2;1;3;2m [38;2;1;3;2m [38;2;1;3;2m [38;2;1;3;2m [38;2;1;3;2m [38;2;1;3;2m [38;2;1;3;2m [38;2;2;4;3m [38;2;3;5;4m [38;2;3;4;3m [38;2;2;4;3m [38;2;3;5;4m [38;2;3;5;4m [38;2;3;5;4m [38;2;2;4;3m [38;2;3;5;4m [38;2;4;6;5m [38;2;3;5;4m [38;2;4;6;5m [38;2;4;6;5m [38;2;4;6;5m [38;2;4;6;5m [38;2;4;6;5m [38;2;4;6;5m [38;2;4;6;5m [38;2;4;6;5m [38;2;4;6;5m [38;2;5;7;6m [38;2;4;6;5m [38;2;5;7;6m [38;2;4;6;5m [38;2;4;6;5m [38;2;4;6;5m [38;2;5;7;6m [38;2;5;7;6m [38;2;4;6;5m [38;2;4;6;5m [38;2;4;6;5m [38;2;3;5;4m [38;2;3;5;4m [38;2;2;4;3m [38;2;2;4;3m [38;2;2;4;3m [38;2;2;4;3m [38;2;2;4;3m [38;2;2;4;3m [38;2;1;3;2m [38;2;1;3;2m [38;2;1;3;2m [38;2;1;3;2m [38;2;1;3;2m [38;2;1;3;2m [38;2;1;3;2m [38;2;1;2;2m [38;2;1;1;1m [38;2;1;1;1m [38;2;0;2;1m [38;2;1;1;1m [38;2;1;1;1m [38;2;1;1;1m [38;2;1;1;1m [38;2;1;1;1m [38;2;1;1;1m [38;2;0;0;0m [38;2;0;0;0m [38;2;0;0;0m [38;2;0;0;0m       [0m
[0m[38;2;0;0;0m     [38;2;0;0;0m [38;2;0;0;0m    [38;2;0;0;0m [38;2;0;0;0m [38;2;1;1;1m [38;2;1;1;1m [38;2;1;1;1m [38;2;1;1;1m [38;2;1;1;1m [38;2;1;1;1m [38;2;1;1;1m [38;2;1;2;2m [38;2;1;3;2m [38;2;1;3;2m [38;2;1;3;2m [38;2;1;3;2m [38;2;2;4;3m [38;2;2;4;3m [38;2;3;5;4m [38;2;3;5;4m [38;2;3;5;4m [38;2;4;6;5m [38;2;4;6;5m [38;2;4;6;5m [38;2;4;6;5m [38;2;5;7;6m [38;2;5;7;6m [38;2;5;7;6m [38;2;5;7;6m [38;2;6;8;7m [38;2;5;7;6m [38;2;5;7;6m [38;2;5;7;6m [38;2;5;7;6m [38;2;5;7;6m [38;2;5;7;6m [38;2;6;8;7m [38;2;6;8;7m [38;2;6;8;7m [38;2;6;8;7m [38;2;6;8;7m [38;2;6;8;7m [38;2;5;7;6m [38;2;6;8;7m [38;2;6;8;7m [38;2;6;8;7m [38;2;5;7;6m [38;2;5;7;6m [38;2;5;7;6m [38;2;4;6;5m [38;2;4;6;5m [38;2;4;6;5m [38;2;4;6;5m [38;2;4;6;5m [38;2;3;5;4m [38;2;3;5;4m [38;2;3;5;4m [38;2;2;4;3m [38;2;2;4;3m [38;2;2;4;3m [38;2;2;4;3m [38;2;1;3;2m [38;2;1;3;2m [38;2;1;3;2m [38;2;1;3;2m [38;2;1;3;2m [38;2;1;3;2m [38;2;1;2;1m [38;2;1;2;2m [38;2;1;2;1m [38;2;1;1;1m [38;2;1;1;1m [38;2;1;1;1m [38;2;1;1;1m [38;2;1;1;1m [38;2;1;1;1m [38;2;1;1;1m [38;2;0;0;0m [38;2;0;0;0m      [0m
[0m[38;2;0;0;0m     [38;2;0;0;0m [38;2;0;0;0m  [38;2;0;0;0m [38;2;0;0;0m [38;2;1;1;1m [38;2;1;1;1m [38;2;1;1;1m [38;2;1;1;1m [38;2;1;1;1m [38;2;1;1;1m [38;2;1;2;2m [38;2;1;2;2m [38;2;2;3;2m [38;2;2;4;3m [38;2;2;4;3m [38;2;2;4;3m [38;2;2;4;3m [38;2;3;5;4m [38;2;3;5;4m [38;2;4;6;5m [38;2;4;6;5m [38;2;4;6;5m [38;2;5;7;6m [38;2;5;7;6m [38;2;5;7;6m [38;2;6;8;7m [38;2;6;7;7m [38;2;6;8;7m [38;2;6;8;7m [38;2;7;9;8m [38;2;7;9;8m [38;2;7;9;8m [38;2;7;9;8m [38;2;7;9;8m [38;2;6;8;7m [38;2;6;8;7m [38;2;7;8;7m [38;2;7;8;7m [38;2;7;8;7m [38;2;7;9;8m [38;2;6;9;8m [38;2;7;9;8m [38;2;7;9;8m [38;2;7;9;8m [38;2;7;9;7m [38;2;6;8;7m [38;2;6;8;7m [38;2;7;9;8m [38;2;6;8;7m [38;2;6;8;7m [38;2;7;9;8m [38;2;6;8;7m [38;2;6;8;7m [38;2;7;8;7m [38;2;5;7;6m [38;2;6;8;7m [38;2;5;7;6m [38;2;5;7;6m [38;2;4;6;5m [38;2;4;6;5m [38;2;4;6;5m [38;2;4;6;5m [38;2;4;6;5m [38;2;3;5;4m [38;2;4;6;5m [38;2;3;4;3m [38;2;2;4;3m [38;2;2;4;3m [38;2;2;4;3m [38;2;2;4;3m [38;2;2;4;3m [38;2;1;3;2m [38;2;1;3;2m [38;2;1;2;1m [38;2;1;2;1m [38;2;1;2;1m [38;2;1;1;1m [38;2;1;1;1m [38;2;1;1;1m [38;2;1;1;1m [38;2;0;0;0m [38;2;0;0;0m  [38;2;0;0;0m [38;2;0;0;0m [38;2;0;0;0m [0m
[0m[38;2;0;0;0m      [38;2;0;0;0m [38;2;1;1;1m [38;2;1;1;1m [38;2;1;1;1m [38;2;1;1;1m [38;2;1;1;1m [38;2;1;1;1m [38;2;1;1;1m [38;2;1;2;2m [38;2;1;3;2m [38;2;2;4;3m [38;2;2;4;3m [38;2;2;4;3m [38;2;3;5;4m [38;2;3;5;4m [38;2;3;5;4m [38;2;4;6;5m [38;2;5;7;6m [38;2;5;7;6m [38;2;5;7;6m [38;2;7;9;8m [38;2;7;9;8m [38;2;7;9;8m [38;2;7;9;8m [38;2;7;9;8m [38;2;8;9;8m [38;2;7;9;8m [38;2;6;8;7m [38;2;16;17;15m [38;2;43;43;36m.[38;2;65;63;50m.[38;2;88;83;66m,[38;2;109;104;82m:[38;2;121;117;91mc[38;2;125;121;93mc[38;2;123;122;92mc[38;2;126;125;93mc[38;2;125;125;91mc[38;2;125;126;93ml[38;2;124;127;94ml[38;2;116;118;86mc[38;2;96;99;73m;[38;2;70;76;57m'[38;2;94;97;72m;[38;2;121;120;91mc[38;2;65;65;51m.[38;2;114;112;88m:[38;2;105;102;78m:[38;2;89;85;67m,[38;2;67;63;51m.[38;2;47;45;37m.[38;2;20;21;17m [38;2;6;8;7m [38;2;7;9;8m [38;2;7;8;7m [38;2;6;8;7m [38;2;7;9;8m [38;2;7;9;8m [38;2;6;8;7m [38;2;6;8;7m [38;2;6;8;7m [38;2;5;7;6m [38;2;6;8;7m [38;2;5;7;6m [38;2;5;7;6m [38;2;4;6;5m [38;2;4;6;5m [38;2;4;6;5m [38;2;3;5;4m [38;2;3;5;4m [38;2;3;5;4m [38;2;2;4;3m [38;2;2;4;3m [38;2;2;3;2m [38;2;2;3;3m [38;2;1;3;2m [38;2;1;3;2m [38;2;1;2;1m [38;2;1;1;1m [38;2;1;1;1m [38;2;1;1;1m [38;2;0;0;0m [38;2;0;0;0m [38;2;0;0;0m [38;2;0;0;0m [38;2;0;0;0m [0m
[0m[38;2;0;0;0m     [38;2;0;0;0m [38;2;1;1;1m [38;2;1;1;1m [38;2;1;1;1m [38;2;1;1;1m [38;2;1;1;1m [38;2;1;2;2m [38;2;1;3;2m [38;2;1;3;2m [38;2;1;3;2m [38;2;2;4;3m [38;2;2;4;3m [38;2;3;5;4m [38;2;3;5;4m [38;2;4;6;5m [38;2;5;7;6m [38;2;5;7;6m [38;2;6;8;7m [38;2;6;8;7m [38;2;8;10;9m [38;2;7;9;8m [38;2;7;9;8m [38;2;9;11;9m [38;2;8;10;8m [38;2;35;33;29m.[38;2;72;68;55m'[38;2;115;109;87m:[38;2;134;129;100ml[38;2;131;132;98ml[38;2;125;133;95ml[38;2;103;117;81m:[38;2;77;102;63m;[38;2;60;87;50m'[38;2;54;82;41m'[38;2;50;79;29m'[38;2;50;79;21m.[38;2;60;85;22m'[38;2;66;89;25m'[38;2;72;93;25m,[38;2;76;95;25m,[38;2;76;96;25m,[38;2;78;98;27m,[38;2;72;90;31m,[38;2;70;89;24m,[38;2;67;90;26m,[38;2;61;84;25m'[38;2;54;77;26m'[38;2;52;78;31m'[38;2;55;83;40m'[38;2;60;88;52m'[38;2;78;101;64m;[38;2;100;117;78m:[38;2;126;136;96ml[38;2;130;134;98ml[38;2;122;120;92mc[38;2;113;107;82m:[38;2;76;73;57m'[38;2;35;36;30m.[38;2;9;10;9m [38;2;8;9;8m [38;2;8;9;8m [38;2;9;9;9m [38;2;8;9;8m [38;2;7;9;7m [38;2;6;8;7m [38;2;6;8;7m [38;2;6;8;7m [38;2;5;7;6m [38;2;5;7;6m [38;2;4;6;5m [38;2;4;6;5m [38;2;4;6;5m [38;2;3;5;4m [38;2;3;5;4m [38;2;2;4;3m [38;2;2;4;3m [38;2;2;4;3m [38;2;1;3;2m [38;2;1;3;2m [38;2;1;2;2m [38;2;1;2;2m [38;2;1;2;2m [38;2;1;1;1m [38;2;1;1;1m [38;2;1;1;1m [38;2;1;1;1m [38;2;1;1;1m [0m
[0m[38;2;0;0;0m    [38;2;0;0;0m [38;2;1;1;1m [38;2;1;1;1m [38;2;1;1;1m [38;2;1;1;1m [38;2;1;1;1m [38;2;1;3;2m [38;2;1;3;2m [38;2;2;4;3m [38;2;2;3;3m [38;2;3;4;4m [38;2;3;5;4m [38;2;4;5;4m [38;2;4;6;5m [38;2;5;7;6m [38;2;6;8;7m [38;2;6;7;7m [38;2;8;9;8m [38;2;7;9;8m [38;2;8;10;9m [38;2;8;10;9m [38;2;8;10;9m [38;2;40;40;33m.[38;2;115;111;88m:[38;2;129;129;99ml[38;2;116;125;91mc[38;2;76;97;64m;[38;2;51;78;40m'[38;2;52;75;27m.[38;2;71;90;26m,[38;2;77;92;26m,[38;2;82;90;30m,[38;2;86;93;29m,[38;2;87;95;32m,[38;2;81;93;34m,[38;2;71;88;35m,[38;2;60;80;34m'[38;2;53;74;34m.[38;2;49;74;36m.[38;2;48;76;37m.[38;2;44;74;36m.[38;2;44;76;32m.[38;2;117;143;33ml[38;2;119;142;30ml[38;2;102;123;39m:[38;2;42;64;30m.[38;2;39;63;28m.[38;2;50;69;30m.[38;2;71;84;32m'[38;2;103;112;33m:[38;2;82;88;35m,[38;2;84;90;29m,[38;2;85;94;30m,[38;2;81;96;29m,[38;2;67;87;30m'[38;2;51;78;28m'[38;2;48;76;38m.[38;2;76;98;64m;[38;2;113;126;86mc[38;2;141;144;105mo[38;2;137;131;101ml[38;2;93;88;68m;[38;2;44;43;36m.[38;2;8;9;8m [38;2;9;9;9m [38;2;9;9;9m [38;2;7;9;7m [38;2;7;9;8m [38;2;7;9;8m [38;2;6;8;7m [38;2;6;8;7m [38;2;5;7;6m [38;2;4;6;5m [38;2;4;6;5m [38;2;4;5;5m [38;2;4;5;4m [38;2;3;5;4m [38;2;2;4;3m [38;2;2;4;3m [38;2;2;3;3m [38;2;2;3;2m [38;2;1;3;2m [38;2;2;2;2m [38;2;1;1;1m [38;2;1;1;1m [38;2;1;1;1m [38;2;1;1;1m [38;2;1;1;1m [0m
[0m[38;2;0;0;0m [38;2;0;0;0m [38;2;0;0;0m [38;2;1;1;1m [38;2;1;1;1m [38;2;1;1;1m [38;2;1;1;1m [38;2;1;2;1m [38;2;2;3;2m [38;2;1;3;2m [38;2;1;3;2m [38;2;1;3;2m [38;2;2;4;3m [38;2;3;5;4m [38;2;4;6;5m [38;2;5;7;6m [38;2;6;8;7m [38;2;6;8;7m [38;2;6;8;7m [38;2;7;9;8m [38;2;9;10;10m [38;2;8;9;8m [38;2;14;15;13m [38;2;43;45;38m.[38;2;62;65;54m.[38;2;51;63;46m.[38;2;57;84;54m'[38;2;34;67;29m.[38;2;59;80;25m'[38;2;88;99;28m;[38;2;92;97;30m;[38;2;90;94;31m,[38;2;97;108;32m;[38;2;106;125;32m:[38;2;120;146;30ml[38;2;111;143;33mc[38;2;46;87;37m'[38;2;44;88;40m'[38;2;46;95;38m'[38;2;39;88;34m'[38;2;33;81;33m.[38;2;27;75;28m.[38;2;22;69;27m.[38;2;20;67;26m.[38;2;22;65;29m.[38;2;21;68;24m.[38;2;69;110;29m;[38;2;54;97;25m,[38;2;17;59;22m.[38;2;7;52;20m.[38;2;7;53;20m.[38;2;32;66;28m.[38;2;158;190;31mx[38;2;188;220;24mO[38;2;181;212;34mO[38;2;80;116;36m;[38;2;43;78;39m.[38;2;42;71;39m.[38;2;58;78;37m'[38;2;87;90;35m,[38;2;89;91;33m,[38;2;92;98;31m;[38;2;89;102;30m;[38;2;64;87;27m'[38;2;40;74;32m.[38;2;77;98;62m;[38;2;141;144;105mo[38;2;154;149;115md[38;2;111;104;83m:[38;2;47;45;37m.[38;2;8;9;6m [38;2;9;10;9m [38;2;7;9;8m [38;2;8;10;9m [38;2;8;10;9m [38;2;7;9;8m [38;2;6;8;7m [38;2;5;7;6m [38;2;4;6;5m [38;2;5;7;6m [38;2;4;6;5m [38;2;4;6;5m [38;2;4;6;5m [38;2;3;5;4m [38;2;2;4;3m [38;2;2;4;3m [38;2;2;4;3m [38;2;1;3;2m [38;2;1;3;2m [38;2;1;2;2m [38;2;1;1;1m [38;2;1;1;1m [0m
[0m[38;2;0;0;0m [38;2;0;0;0m [38;2;1;1;1m [38;2;1;1;1m [38;2;1;1;1m [38;2;1;2;2m [38;2;1;2;2m [38;2;1;3;2m [38;2;1;3;2m [38;2;1;3;2m [38;2;2;4;3m [38;2;3;5;4m [38;2;4;6;5m [38;2;4;6;5m [38;2;5;7;6m [38;2;6;8;7m [38;2;7;9;8m [38;2;8;10;9m [38;2;8;10;9m [38;2;14;16;14m [38;2;61;60;48m.[38;2;141;138;107mo[38;2;89;98;75m;[38;2;52;74;45m'[38;2;39;63;24m.[38;2;75;91;30m,[38;2;89;96;29m,[38;2;89;91;30m,[38;2;87;90;31m,[38;2;93;102;27m;[38;2;143;171;31md[38;2;174;207;27mk[38;2;180;218;19mO[38;2;171;207;19mk[38;2;166;200;25mk[38;2;176;213;29mO[38;2;108;147;34ml[38;2;25;70;26m.[38;2;11;57;21m.[38;2;6;53;19m.[38;2;8;54;20m.[38;2;7;53;19m.[38;2;6;53;19m.[38;2;6;54;18m.[38;2;7;53;18m.[38;2;8;53;18m.[38;2;8;55;17m.[38;2;18;63;22m.[38;2;41;84;25m'[38;2;61;98;28m,[38;2;136;171;31mo[38;2;175;204;35mk[38;2;187;213;26mO[38;2;163;193;34mx[38;2;102;142;36mc[38;2;55;100;41m,[38;2;54;97;40m,[38;2;59;101;39m,[38;2;131;137;28ml[38;2;156;149;22mo[38;2;148;143;27ml[38;2;127;125;27mc[38;2;54;77;34m'[38;2;61;78;36m'[38;2;88;92;35m,[38;2;96;104;32m;[38;2;88;102;33m;[38;2;46;73;29m.[38;2;67;88;53m,[38;2;131;137;95ml[38;2;125;124;96mc[38;2;79;76;59m'[38;2;21;22;18m [38;2;8;10;9m [38;2;9;11;10m [38;2;8;10;9m [38;2;8;10;9m [38;2;6;8;7m [38;2;6;8;7m [38;2;6;8;7m [38;2;6;8;7m [38;2;5;7;6m [38;2;4;6;5m [38;2;4;6;5m [38;2;3;5;4m [38;2;3;5;4m [38;2;3;5;4m [38;2;2;4;3m [38;2;1;3;2m [38;2;1;2;2m [38;2;1;1;1m [38;2;1;1;1m [0m
[0m[38;2;1;1;1m [38;2;0;0;0m [38;2;1;1;1m [38;2;1;1;1m [38;2;1;2;1m [38;2;1;3;2m [38;2;1;3;2m [38;2;2;4;3m [38;2;2;4;3m [38;2;3;5;4m [38;2;4;6;5m [38;2;4;6;5m [38;2;4;6;5m [38;2;6;6;6m [38;2;7;7;7m [38;2;8;9;9m [38;2;7;9;8m [38;2;27;27;23m [38;2;112;106;80m:[38;2;156;154;118md[38;2;93;105;72m;[38;2;25;52;21m.[38;2;62;80;22m'[38;2;96;102;30m;[38;2;87;91;31m,[38;2;83;87;32m,[38;2;96;97;31m;[38;2;134;129;28mc[38;2;145;140;25ml[38;2;149;144;20ml[38;2;162;174;21md[38;2;178;213;21mO[38;2;179;217;15mO[38;2;172;208;22mk[38;2;98;135;32mc[38;2;30;72;23m.[38;2;8;52;21m.[38;2;9;53;22m.[38;2;12;58;21m.[38;2;50;93;24m'[38;2;99;139;25mc[38;2;130;169;24mo[38;2;151;188;24mx[38;2;167;204;24mk[38;2;181;218;24mO[38;2;182;217;26mO[38;2;185;219;24mO[38;2;186;219;27mO[38;2;190;223;18mO[38;2;173;201;30mk[38;2;183;213;29mO[38;2;171;205;31mk[38;2;127;164;34mo[38;2;57;97;39m,[38;2;53;97;40m,[38;2;64;103;48m,[38;2;96;134;46mc[38;2;169;205;30mk[38;2;163;160;23md[38;2;162;155;29mo[38;2;160;153;24mo[38;2;159;153;24mo[38;2;70;107;37m;[38;2;54;100;42m,[38;2;52;93;43m'[38;2;42;75;35m.[38;2;97;113;41m:[38;2;92;95;34m;[38;2;101;106;34m;[38;2;81;96;31m,[38;2;41;69;31m.[38;2;78;95;62m,[38;2;89;99;73m;[38;2;30;37;28m.[38;2;36;36;31m.[38;2;9;10;9m [38;2;9;9;9m [38;2;8;9;9m [38;2;7;9;8m [38;2;6;7;7m [38;2;7;7;7m [38;2;6;7;7m [38;2;5;7;6m [38;2;6;7;6m [38;2;4;6;5m [38;2;4;6;5m [38;2;3;5;4m [38;2;2;4;3m [38;2;1;3;2m [38;2;1;3;2m [38;2;1;2;2m [38;2;1;1;1m [0m
[0m[38;2;1;1;1m [38;2;1;1;1m [38;2;1;2;1m [38;2;1;2;2m [38;2;1;3;2m [38;2;2;4;3m [38;2;2;4;3m [38;2;2;4;3m [38;2;3;5;4m [38;2;3;5;4m [38;2;4;6;5m [38;2;5;7;6m [38;2;6;7;7m [38;2;8;9;8m [38;2;7;9;7m [38;2;25;25;20m [38;2;121;114;87mc[38;2;173;168;122mx[38;2;81;96;62m;[38;2;27;50;20m.[38;2;80;93;28m,[38;2;103;104;31m;[38;2;79;89;33m,[38;2;104;128;32m:[38;2;162;194;33mx[38;2;167;191;28mx[38;2;155;155;22mo[38;2;149;143;21ml[38;2;146;142;24ml[38;2;144;138;24ml[38;2;154;148;20mo[38;2;154;154;22mo[38;2;145;174;30md[38;2;42;81;25m.[38;2;9;55;20m.[38;2;9;56;22m.[38;2;21;67;22m.[38;2;99;136;27mc[38;2;154;189;35mx[38;2;183;220;19mO[38;2;189;227;15m0[38;2;186;224;19mO[38;2;169;206;27mk[38;2;147;185;28md[38;2;142;184;30md[38;2;131;169;34mo[38;2;144;184;27md[38;2;140;182;30md[38;2;130;171;32mo[38;2;111;151;36ml[38;2;81;123;41m:[38;2;58;100;42m,[38;2;64;104;48m,[38;2;68;107;51m;[38;2;86;127;45m:[38;2;136;173;37md[38;2;149;180;28md[38;2;133;159;32mo[38;2;131;132;26mc[38;2;154;149;24mo[38;2;156;151;20mo[38;2;159;153;22mo[38;2;68;102;37m,[38;2;54;100;42m,[38;2;55;100;43m,[38;2;56;99;32m,[38;2;186;218;39mO[38;2;171;198;37mk[38;2;120;143;34ml[38;2;84;95;35m,[38;2;105;107;33m;[38;2;96;106;31m;[38;2;42;70;29m.[38;2;31;61;30m.[38;2;144;146;109mo[38;2;114;108;83m:[38;2;28;28;23m [38;2;10;10;9m [38;2;9;10;10m [38;2;9;9;9m [38;2;8;8;8m [38;2;8;8;8m [38;2;7;8;8m [38;2;6;7;7m [38;2;6;7;6m [38;2;5;7;6m [38;2;4;6;5m [38;2;3;5;4m [38;2;3;5;4m [38;2;2;4;3m [38;2;1;3;2m [38;2;1;2;2m [0m
[0m[38;2;1;1;1m [38;2;1;2;2m [38;2;1;2;2m [38;2;1;3;2m [38;2;1;3;2m [38;2;2;4;3m [38;2;3;5;4m [38;2;3;5;4m [38;2;4;6;5m [38;2;4;6;5m [38;2;5;7;6m [38;2;6;8;7m [38;2;8;10;9m [38;2;11;13;11m [38;2;101;97;74m;[38;2;160;155;114md[38;2;84;98;63m;[38;2;19;49;17m.[38;2;80;94;25m,[38;2;108;109;32m:[38;2;81;94;33m,[38;2;129;154;33ml[38;2;182;214;30mO[38;2;185;219;25mO[38;2;186;219;23mO[38;2;180;214;26mO[38;2;181;215;26mO[38;2;163;177;24md[38;2;152;146;21mo[38;2;152;146;22ml[38;2;151;145;24ml[38;2;108;117;25m:[38;2;16;60;21m.[38;2;10;58;22m.[38;2;13;58;24m.[38;2;73;114;26m;[38;2;172;207;23mk[38;2;190;225;19mO[38;2;183;219;22mO[38;2;167;205;25mk[38;2;116;160;32ml[38;2;77;123;41m:[38;2;54;101;42m,[38;2;51;99;43m,[38;2;51;99;44m,[38;2;51;100;44m,[38;2;52;100;44m,[38;2;52;101;43m,[38;2;52;101;42m,[38;2;53;101;41m,[38;2;57;105;40m,[38;2;79;124;39m:[38;2;95;132;43mc[38;2;85;111;37m;[38;2;94;110;45m;[38;2;68;81;60m'[38;2;82;94;79m;[38;2;86;98;81m;[38;2;70;82;69m,[38;2;66;77;59m'[38;2;80;87;43m,[38;2;98;100;31m;[38;2;61;94;40m,[38;2;54;100;44m,[38;2;54;101;44m,[38;2;55;100;32m,[38;2;190;224;32m0[38;2;188;220;28mO[38;2;190;225;22mO[38;2;189;223;25mO[38;2;141;169;33md[38;2;88;101;37m;[38;2;106;108;34m:[38;2;97;107;32m;[38;2;42;70;32m.[38;2;79;99;63m;[38;2;124;130;99ml[38;2;61;61;52m.[38;2;10;11;10m [38;2;9;10;9m [38;2;9;10;10m [38;2;8;10;9m [38;2;7;9;8m [38;2;7;8;8m [38;2;7;8;7m [38;2;6;8;7m [38;2;5;7;6m [38;2;4;6;5m [38;2;3;5;4m [38;2;3;5;4m [38;2;2;4;3m [38;2;1;3;2m [0m
[0m[38;2;2;2;2m [38;2;2;2;2m [38;2;2;2;2m [38;2;2;4;3m [38;2;2;4;3m [38;2;3;5;4m [38;2;3;5;4m [38;2;4;6;5m [38;2;4;6;5m [38;2;4;6;5m [38;2;6;8;7m [38;2;7;8;7m [38;2;45;44;35m.[38;2;168;160;122mx[38;2;129;132;93ml[38;2;21;50;20m.[38;2;65;84;24m'[38;2;115;115;34m:[38;2;76;84;32m,[38;2;123;148;33ml[38;2;176;208;35mk[38;2;178;210;29mO[38;2;177;208;32mk[38;2;169;200;34mk[38;2;171;203;33mk[38;2;177;211;30mO[38;2;178;211;27mO[38;2;171;201;33mk[38;2;175;199;23mk[38;2;159;160;22mo[38;2;123;127;27mc[38;2;14;61;20m.[38;2;8;58;21m.[38;2;8;57;20m.[38;2;93;132;28m:[38;2;191;226;21m0[38;2;190;224;18mO[38;2;186;220;21mO[38;2;110;150;39ml[38;2;55;103;42m,[38;2;53;100;45m,[38;2;52;100;44m,[38;2;70;116;39m;[38;2;107;151;37ml[38;2;133;176;30md[38;2;140;184;28md[38;2;138;181;27md[38;2;136;177;32md[38;2;108;141;36mc[38;2;82;107;36m;[38;2;107;126;49mc[38;2;76;91;43m,[38;2;51;63;53m.[38;2;91;92;72m;[38;2;175;163;115mx[38;2;103;113;89m:[38;2;109;123;96mc[38;2;99;113;88m:[38;2;99;111;88m:[38;2;103;116;92m:[38;2;111;125;100mc[38;2;100;113;91m:[38;2;79;91;76m,[38;2;58;74;59m'[38;2;46;70;48m.[38;2;46;79;35m'[38;2;164;195;35mx[38;2;185;215;31mO[38;2;191;225;21m0[38;2;191;226;22m0[38;2;190;225;22mO[38;2;191;225;25m0[38;2;137;163;34mo[38;2;81;91;36m,[38;2;117;116;35m:[38;2;84;99;32m,[38;2;41;70;37m.[38;2;88;105;76m;[38;2;91;89;69m;[38;2;40;39;33m.[38;2;10;10;10m [38;2;9;9;9m [38;2;8;9;9m [38;2;8;9;8m [38;2;7;9;8m [38;2;6;7;7m [38;2;5;7;6m [38;2;4;6;5m [38;2;4;6;5m [38;2;3;5;4m [38;2;3;5;4m [38;2;2;4;3m [0m
[0m[38;2;2;3;2m [38;2;2;4;3m [38;2;2;4;3m [38;2;3;5;4m [38;2;4;6;5m [38;2;4;6;5m [38;2;5;7;6m [38;2;5;7;6m [38;2;5;7;6m [38;2;6;8;7m [38;2;7;8;8m [38;2;77;74;60m'[38;2;188;180;134mk[38;2;61;78;47m'[38;2;27;54;18m.[38;2;109;112;31m:[38;2;86;89;31m,[38;2;97;118;33m:[38;2;178;210;29mk[38;2;179;211;30mO[38;2;165;193;39mx[38;2;165;195;39mk[38;2;162;191;43mx[38;2;168;196;38mk[38;2;165;193;35mx[38;2;159;185;38mx[38;2;172;201;36mk[38;2;163;190;39mx[38;2;172;202;30mk[38;2;174;205;33mk[38;2;48;85;27m'[38;2;10;58;22m.[38;2;8;58;21m.[38;2;50;95;26m'[38;2;190;225;23m0[38;2;190;225;25m0[38;2;191;226;21m0[38;2;105;144;35mc[38;2;51;97;43m,[38;2;52;99;44m,[38;2;63;110;42m;[38;2;139;181;30md[38;2;185;225;21mO[38;2;188;229;16m0[38;2;172;208;26mk[38;2;127;154;32ml[38;2;105;121;49m:[38;2;112;114;77m:[38;2;145;137;102mo[38;2;183;171;122mk[38;2;175;169;123mx[38;2;177;169;121mx[38;2;151;142;106mo[38;2;126;121;92mc[38;2;134;130;98ml[38;2;83;88;71m,[38;2;97;109;87m:[38;2;103;116;92m:[38;2;102;115;92m:[38;2;106;119;95mc[38;2;108;122;95mc[38;2;103;116;92m:[38;2;110;122;96mc[38;2;107;119;94mc[38;2;111;124;98mc[38;2;95;108;87m:[38;2;77;88;72m,[38;2;76;90;60m,[38;2;97;116;41m:[38;2;131;154;34mo[38;2;173;204;26mk[38;2;193;227;22m0[38;2;194;229;18m0[38;2;188;224;24mO[38;2;111;133;35mc[38;2;83;88;33m,[38;2;119;122;33mc[38;2;49;76;32m.[38;2;51;76;48m'[38;2;125;127;101ml[38;2;29;30;27m.[38;2;9;10;9m [38;2;8;10;9m [38;2;8;10;9m [38;2;8;9;8m [38;2;7;7;7m [38;2;6;8;7m [38;2;5;7;6m [38;2;5;7;6m [38;2;5;7;6m [38;2;3;5;4m [38;2;2;4;3m [0m
[0m[38;2;2;4;3m [38;2;3;5;4m [38;2;3;5;4m [38;2;4;6;5m [38;2;5;7;6m [38;2;5;7;6m [38;2;6;8;6m [38;2;7;9;6m [38;2;7;9;7m [38;2;7;9;7m [38;2;110;104;81m:[38;2;188;182;139mk[38;2;56;77;40m'[38;2;48;70;21m.[38;2;123;122;31mc[38;2;65;69;29m.[38;2;136;154;31mo[38;2;188;223;22mO[38;2;184;219;20mO[38;2;178;213;24mO[38;2;170;203;41mk[38;2;167;198;36mk[38;2;175;206;28mk[38;2;172;203;30mk[38;2;164;193;43mx[38;2;169;198;40mk[38;2;168;196;36mk[38;2;161;190;39mx[38;2;179;211;28mO[38;2;154;188;35mx[38;2;36;73;22m.[38;2;34;74;24m.[38;2;34;74;24m.[38;2;119;152;29ml[38;2;186;218;17mO[38;2;185;217;19mO[38;2;170;201;29mk[38;2;68;111;34m;[38;2;66;108;39m;[38;2;66;109;39m;[38;2;133;171;33mo[38;2;158;191;26mx[38;2;114;138;30mc[38;2;101;113;57m:[38;2;115;113;84m:[38;2;158;149;108md[38;2;194;181;127mk[38;2;207;191;133mO[38;2;203;188;131mO[38;2;206;191;133mO[38;2;189;179;128mk[38;2;119;128;98ml[38;2;128;132;101ml[38;2;168;160;114mx[38;2;207;192;134mO[38;2;192;180;128mk[38;2;146;140;105mo[38;2;101;102;83m:[38;2;60;70;67m'[38;2;68;83;77m,[38;2;111;125;96mc[38;2;109;122;96mc[38;2;110;124;98mc[38;2;82;97;85m;[38;2;84;100;89m;[38;2;96;111;93m:[38;2;109;122;97mc[38;2;107;119;93mc[38;2;105;118;95mc[38;2;92;104;86m;[38;2;74;86;73m,[38;2;72;86;49m,[38;2;105;126;34m:[38;2;142;170;30md[38;2;186;220;30mO[38;2;157;187;34mx[38;2;66;77;35m'[38;2;127;126;33mc[38;2;66;88;30m'[38;2;33;67;34m.[38;2;27;47;26m.[38;2;104;104;85m:[38;2;9;10;9m [38;2;10;10;10m [38;2;9;9;9m [38;2;8;9;9m [38;2;7;9;8m [38;2;6;8;7m [38;2;5;7;6m [38;2;5;7;6m [38;2;4;6;5m [38;2;3;5;4m [0m
[0m[38;2;3;5;4m [38;2;4;6;5m [38;2;4;6;5m [38;2;4;6;5m [38;2;6;8;7m [38;2;6;7;6m [38;2;7;9;7m [38;2;9;10;8m [38;2;8;9;7m [38;2;120;111;86mc[38;2;170;165;122mx[38;2;29;56;27m.[38;2;52;71;21m.[38;2;122;118;32m:[38;2;60;66;29m.[38;2;142;138;23ml[38;2;155;150;18mo[38;2;158;162;20mo[38;2;175;195;19mk[38;2;175;205;28mk[38;2;161;189;45mx[38;2;162;188;43mx[38;2;162;189;39mx[38;2;170;198;36mk[38;2;163;189;36mx[38;2;175;204;29mk[38;2;178;207;25mk[38;2;167;193;39mx[38;2;181;212;24mO[38;2;185;215;23mO[38;2;156;157;12mo[38;2;155;154;15mo[38;2;155;155;14mo[38;2;153;154;18mo[38;2;153;153;17mo[38;2;157;155;10mo[38;2;156;154;12mo[38;2;149;147;18ml[38;2;116;117;24m:[38;2;92;94;38m;[38;2;102;104;70m:[38;2;134;128;94ml[38;2;184;172;124mk[38;2;197;183;130mO[38;2;197;182;130mO[38;2;204;189;131mO[38;2;206;189;132mO[38;2;204;189;133mO[38;2;181;172;120mk[38;2;172;166;116mx[38;2;121;126;96mc[38;2;152;153;114md[38;2;73;90;80m,[38;2;79;95;81m;[38;2;108;114;87m:[38;2;170;162;118mx[38;2;205;190;133mO[38;2;211;195;136m0[38;2;200;185;133mO[38;2;158;145;100mo[38;2;120;113;82mc[38;2;104;108;86m:[38;2;88;99;81m;[38;2;94;106;92m:[38;2;64;81;83m,[38;2;52;71;78m'[38;2;83;98;91m;[38;2;112;124;99mc[38;2;110;123;98mc[38;2;110;123;98mc[38;2;107;120;95mc[38;2;110;122;96mc[38;2;105;117;95mc[38;2;60;72;63m'[38;2;39;51;37m.[38;2;178;210;32mO[38;2;179;212;28mO[38;2;73;88;35m,[38;2;122;119;34mc[38;2;76;92;31m,[38;2;25;61;31m.[38;2;122;130;97ml[38;2;129;122;98mc[38;2;7;8;7m [38;2;9;10;9m [38;2;9;9;9m [38;2;7;8;8m [38;2;6;8;7m [38;2;6;8;7m [38;2;5;7;6m [38;2;4;6;5m [38;2;3;5;4m [0m
[0m[38;2;3;5;4m [38;2;3;5;4m [38;2;4;6;5m [38;2;5;7;6m [38;2;6;8;7m [38;2;7;8;8m [38;2;8;8;8m [38;2;8;9;9m [38;2;95;89;70m;[38;2;181;174;131mk[38;2;29;56;28m.[38;2;45;65;19m.[38;2;124;121;32mc[38;2;39;54;32m.[38;2;89;111;35m;[38;2;144;145;22ml[38;2;158;151;20mo[38;2;157;151;17mo[38;2;157;152;18mo[38;2;157;152;17mo[38;2;154;151;22mo[38;2;155;154;23mo[38;2;156;156;25mo[38;2;157;158;22mo[38;2;157;158;21mo[38;2;156;157;21mo[38;2;154;154;23mo[38;2;149;152;25mo[38;2;160;171;22md[38;2;172;185;19mx[38;2;156;157;14mo[38;2;153;153;20mo[38;2;152;152;21mo[38;2;149;148;23mo[38;2;133;134;25mc[38;2;95;99;28m;[38;2;95;96;49m;[38;2;114;111;81m:[38;2;151;141;104mo[38;2;201;185;132mO[38;2;198;182;130mO[38;2;207;192;137mO[38;2;211;195;137m0[38;2;196;183;130mO[38;2;126;122;93mc[38;2;131;127;100ml[38;2;156;148;107md[38;2;205;189;133mO[38;2;208;191;133mO[38;2;180;171;123mk[38;2;113;120;99mc[38;2;184;177;129mk[38;2;165;160;115md[38;2;134;134;96ml[38;2;82;94;78m;[38;2;57;75;73m'[38;2;104;115;90m:[38;2;148;145;102mo[38;2;141;132;93ml[38;2;196;177;124mk[38;2;203;186;130mO[38;2;209;191;130mO[38;2;190;174;121mk[38;2;140;133;97ml[38;2;62;69;59m'[38;2;125;121;92mc[38;2;144;133;97ml[38;2;138;130;95ml[38;2;117;118;91mc[38;2;92;103;84m;[38;2;81;93;76m;[38;2;70;81;68m,[38;2;67;74;65m'[38;2;67;75;67m'[38;2;28;39;35m.[38;2;169;201;38mk[38;2;191;227;22m0[38;2;182;216;27mO[38;2;71;86;33m'[38;2;124;121;34mc[38;2;67;90;32m,[38;2;46;75;45m.[38;2;170;164;122mx[38;2;122;114;89mc[38;2;6;7;5m [38;2;9;9;9m [38;2;8;9;8m [38;2;6;8;7m [38;2;5;7;6m [38;2;5;7;6m [38;2;4;6;5m [38;2;4;6;5m [0m
[0m[38;2;3;5;4m [38;2;4;6;5m [38;2;4;6;5m [38;2;4;6;5m [38;2;6;8;7m [38;2;7;8;8m [38;2;7;8;8m [38;2;51;51;42m.[38;2;177;169;129mx[38;2;40;60;36m.[38;2;28;56;19m.[38;2;136;132;32mc[38;2;43;54;30m.[38;2;49;90;41m'[38;2;51;97;43m,[38;2;54;99;40m,[38;2;82;114;36m;[38;2;109;128;28mc[38;2;132;139;22ml[38;2;147;147;19ml[38;2;155;153;17mo[38;2;157;154;19mo[38;2;154;152;21mo[38;2;156;153;18mo[38;2;156;153;17mo[38;2;156;153;15mo[38;2;152;150;21mo[38;2;149;151;22mo[38;2;149;150;24mo[38;2;151;152;19mo[38;2;148;147;19ml[38;2;118;119;25m:[38;2;88;92;37m,[38;2;101;102;66m;[38;2;134;129;95ml[38;2;180;168;123mx[38;2;206;192;136mO[38;2;181;168;121mx[38;2;203;189;134mO[38;2;170;160;115mx[38;2;136;132;100ml[38;2;86;86;71m,[38;2;135;130;101ml[38;2;116;114;88mc[38;2;85;89;73m,[38;2;92;93;75m;[38;2;105;104;82m:[38;2;210;195;137m0[38;2;211;197;138m0[38;2;164;155;112md[38;2;200;186;133mO[38;2;202;187;129mO[38;2;204;189;131mO[38;2;201;186;128mO[38;2;202;188;132mO[38;2;147;146;109mo[38;2;113;120;93mc[38;2;150;143;103mo[38;2;198;183;129mO[38;2;203;185;124mO[38;2;207;190;130mO[38;2;175;162;115mx[38;2;135;128;91ml[38;2;110;105;78m:[38;2;71;74;62m'[38;2;108;120;99mc[38;2;78;87;72m,[38;2;103;104;83m:[38;2;86;90;70m,[38;2;86;97;81m;[38;2;80;85;70m,[38;2;103;101;79m:[38;2;169;157;114md[38;2;180;170;126mx[38;2;71;75;63m'[38;2;48;77;38m'[38;2;88;130;40m:[38;2;124;163;33mo[38;2;149;183;36md[38;2;58;71;34m.[38;2;134;131;33mc[38;2;48;74;30m.[38;2;46;73;44m.[38;2;201;187;141mO[38;2;79;75;60m'[38;2;6;8;6m [38;2;7;9;9m [38;2;7;9;8m [38;2;5;7;6m [38;2;6;8;7m [38;2;6;8;7m [38;2;4;6;5m [0m
[0m[38;2;2;4;3m [38;2;3;5;4m [38;2;3;5;4m [38;2;5;6;6m [38;2;6;7;7m [38;2;7;8;7m [38;2;7;8;6m [38;2;130;124;101ml[38;2;97;112;79m:[38;2;11;46;16m.[38;2;115;117;31m:[38;2;70;74;29m'[38;2;135;164;35mo[38;2;136;177;29md[38;2;89;132;38m:[38;2;54;100;40m,[38;2;54;97;41m,[38;2;61;102;43m,[38;2;73;108;43m;[38;2;73;109;42m;[38;2;70;105;39m,[38;2;60;102;39m,[38;2;62;104;39m,[38;2;73;109;41m;[38;2;65;106;40m,[38;2;58;103;42m,[38;2;56;102;43m,[38;2;65;105;49m,[38;2;50;80;43m'[38;2;61;76;51m'[38;2;103;103;77m:[38;2;142;136;102mo[38;2;181;171;126mk[38;2;195;182;129mO[38;2;207;191;134mO[38;2;211;196;139m0[38;2;209;194;134m0[38;2;202;189;133mO[38;2;159;151;111md[38;2;117;116;91mc[38;2;112;111;86m:[38;2;166;157;118md[38;2;165;155;112md[38;2;206;191;136mO[38;2;210;195;137m0[38;2;195;182;131mO[38;2;166;158;116md[38;2;165;158;118md[38;2;173;163;120mx[38;2;141;136;105mo[38;2;130;125;98ml[38;2;151;144;108mo[38;2;197;184;132mO[38;2;213;197;137m0[38;2;210;194;136m0[38;2;212;196;136m0[38;2;187;177;129mk[38;2;138;144;111mo[38;2;135;134;98ml[38;2;129;123;91mc[38;2;125;118;86mc[38;2;133;129;100ml[38;2;129;125;96ml[38;2;76;80;64m,[38;2;58;68;60m'[38;2;64;72;61m'[38;2;66;71;60m'[38;2;94;92;72m;[38;2;82;86;69m,[38;2;92;103;84m;[38;2;92;95;78m;[38;2;68;71;58m'[38;2;149;141;100mo[38;2;165;154;113md[38;2;104;104;84m:[38;2;39;68;41m.[38;2;47;92;42m'[38;2;53;97;44m,[38;2;56;98;45m,[38;2;47;83;41m'[38;2;59;65;33m.[38;2;133;132;32mc[38;2;34;67;31m.[38;2;90;105;73m;[38;2;208;192;147m0[38;2;22;21;17m [38;2;7;9;7m [38;2;7;9;8m [38;2;7;9;8m [38;2;5;7;6m [38;2;5;7;6m [38;2;5;7;6m [0m
[0m[38;2;4;5;5m [38;2;5;6;5m [38;2;5;7;6m [38;2;5;7;6m [38;2;8;9;8m [38;2;8;9;8m [38;2;34;34;31m.[38;2;90;91;73m;[38;2;16;46;21m.[38;2;59;80;26m'[38;2;125;120;34mc[38;2;45;63;30m.[38;2;186;220;32mO[38;2;188;225;19mO[38;2;190;225;22mO[38;2;178;216;23mO[38;2;156;189;30mx[38;2;131;169;32mo[38;2;106;147;33ml[38;2;90;133;36m:[38;2;84;119;37m:[38;2;87;120;41m:[38;2;80;126;39m:[38;2;77;123;39m:[38;2;66;109;45m;[38;2;46;82;43m'[38;2;46;71;46m.[38;2;45;59;49m.[38;2;64;68;58m'[38;2;188;176;129mk[38;2;210;193;135m0[38;2;206;190;133mO[38;2;205;188;131mO[38;2;177;166;119mx[38;2;87;90;74m;[38;2;57;63;55m.[38;2;139;134;103ml[38;2;199;185;132mO[38;2;210;195;136m0[38;2;212;196;137m0[38;2;205;189;134mO[38;2;212;196;136m0[38;2;208;194;136m0[38;2;155;146;107mo[38;2;155;148;109md[38;2;146;139;105mo[38;2;155;147;111md[38;2;128;123;96mc[38;2;163;153;115md[38;2;158;149;110md[38;2;193;180;130mk[38;2;212;196;136m0[38;2;213;197;137m0[38;2;213;197;136m0[38;2;204;190;134mO[38;2;154;146;106mo[38;2;132;126;94ml[38;2;132;127;94ml[38;2;113;103;68m:[38;2;108;100;69m;[38;2;70;72;56m'[38;2;54;63;58m.[38;2;62;73;63m'[38;2;100;112;92m:[38;2;74;85;68m,[38;2;97;95;76m;[38;2;132;122;88mc[38;2;162;147;95md[38;2;155;146;107mo[38;2;102;103;82m:[38;2;84;95;78m;[38;2;62;71;60m'[38;2;128;121;89mc[38;2;194;179;127mk[38;2;138;132;100ml[38;2;28;50;38m.[38;2;21;65;34m.[38;2;29;70;36m.[38;2;36;80;39m.[38;2;46;89;41m'[38;2;35;58;39m.[38;2;115;112;31m:[38;2;80;95;30m,[38;2;26;60;33m.[38;2;184;174;130mk[38;2;111;103;80m:[38;2;6;7;6m [38;2;8;9;8m [38;2;7;9;8m [38;2;6;8;7m [38;2;5;7;6m [38;2;5;7;6m [0m
[0m[38;2;4;5;4m [38;2;4;6;5m [38;2;5;7;6m [38;2;6;8;7m [38;2;8;10;9m [38;2;5;7;6m [38;2;94;95;81m;[38;2;30;42;31m.[38;2;10;48;17m.[38;2;115;116;27m:[38;2;66;70;30m'[38;2;15;49;22m.[38;2;47;82;25m'[38;2;138;173;31md[38;2;193;231;21m0[38;2;193;235;15m0[38;2;190;231;17m0[38;2;193;233;16m0[38;2;191;232;16m0[38;2;196;235;18m0[38;2;193;233;22m0[38;2;153;183;31md[38;2;111;134;33mc[38;2;86;103;50m;[38;2;71;83;66m,[38;2;87;98;80m;[38;2;90;102;82m;[38;2;85;96;78m;[38;2;108;103;74m:[38;2;102;98;75m;[38;2;121;115;86mc[38;2;133;126;93ml[38;2;178;166;118mx[38;2;191;180;132mk[38;2;175;169;124mx[38;2;199;187;134mO[38;2;172;161;118mx[38;2;128;124;96ml[38;2;118;116;91mc[38;2;142;136;104mo[38;2;177;166;120mx[38;2;203;188;130mO[38;2;210;194;134m0[38;2;182;169;121mx[38;2;150;142;107mo[38;2;153;144;107mo[38;2;179;167;121mx[38;2;182;170;121mx[38;2;206;190;133mO[38;2;213;196;135m0[38;2;207;188;124mO[38;2;188;175;126mk[38;2;145;137;100mo[38;2;132;128;96ml[38;2;122;115;81mc[38;2;116;107;74m:[38;2;102;101;76m;[38;2;63;69;60m'[38;2;67;78;68m'[38;2;63;70;60m'[38;2;90;94;76m;[38;2;124;119;91mc[38;2;156;146;105mo[38;2;94;94;76m;[38;2;61;70;60m'[38;2;77;82;70m,[38;2;91;92;74m;[38;2;154;147;109mo[38;2;209;196;140m0[38;2;170;162;118mx[38;2;72;83;70m,[38;2;45;54;48m.[38;2;127;123;96mc[38;2;194;179;127mk[38;2;154;146;107mo[38;2;46;60;38m.[38;2;66;95;29m,[38;2;28;69;31m.[38;2;24;66;33m.[38;2;24;67;33m.[38;2;28;66;36m.[38;2;50;59;31m.[38;2;138;137;31ml[38;2;28;63;30m.[38;2;99;110;77m:[38;2;199;184;139mO[38;2;9;10;6m [38;2;8;10;8m [38;2;7;9;8m [38;2;7;9;8m [38;2;6;8;7m [38;2;5;7;6m [0m
[0m[38;2;4;6;4m [38;2;4;6;5m [38;2;5;7;6m [38;2;6;8;7m [38;2;7;9;8m [38;2;10;11;9m [38;2;103;104;86m:[38;2;62;82;54m'[38;2;39;63;22m.[38;2;147;143;34ml[38;2;34;50;29m.[38;2;23;59;21m.[38;2;9;51;16m.[38;2;14;55;19m.[38;2;56;98;24m,[38;2;150;189;26mx[38;2;191;231;19m0[38;2;187;222;26mO[38;2;142;170;31md[38;2;94;112;41m;[38;2;61;74;47m'[38;2;100;100;78m;[38;2;172;162;119mx[38;2;133;126;91ml[38;2;107;113;89m:[38;2;81;91;74m,[38;2;81;92;74m;[38;2;90;100;81m;[38;2;85;96;77m;[38;2;76;85;71m,[38;2;88;91;73m;[38;2;137;132;100ml[38;2;121;110;71m:[38;2;119;110;73m:[38;2;128;123;90mc[38;2;154;146;106mo[38;2;206;192;136mO[38;2;214;197;139m0[38;2;201;189;136mO[38;2;160;151;113md[38;2;124;120;93mc[38;2;114;112;86m:[38;2;106;105;81m:[38;2;167;158;114md[38;2;207;190;132mO[38;2;213;196;135m0[38;2;206;188;128mO[38;2;201;184;129mO[38;2;172;161;117mx[38;2;139;133;99ml[38;2;128;120;86mc[38;2;102;94;68m;[38;2;128;123;90mc[38;2;100;102;82m:[38;2;60;69;60m'[38;2;59;68;60m'[38;2;81;88;75m,[38;2;81;92;75m,[38;2;110;124;98mc[38;2;81;86;70m,[38;2;71;73;58m'[38;2;163;152;111md[38;2;171;160;116mx[38;2;193;185;137mO[38;2;57;68;57m.[38;2;111;125;100mc[38;2;74;77;64m'[38;2;174;161;114mx[38;2;209;195;138m0[38;2;177;167;119mx[38;2;48;57;35m.[38;2;97;102;33m;[38;2;66;73;52m'[38;2;117;114;88mc[38;2;166;159;119mx[38;2;54;62;34m.[38;2;159;156;14mo[38;2;145;145;19ml[38;2;100;116;24m:[38;2;45;82;31m'[38;2;24;68;33m.[38;2;26;44;34m.[38;2;136;132;33mc[38;2;52;79;29m'[38;2;36;65;35m.[38;2;214;198;149m0[38;2;59;57;43m.[38;2;7;8;6m [38;2;8;9;9m [38;2;7;9;8m [38;2;7;9;8m [38;2;5;7;6m [0m
[0m[38;2;4;6;5m [38;2;5;7;6m [38;2;6;8;7m [38;2;7;9;8m [38;2;8;9;8m [38;2;58;54;42m.[38;2;174;167;128mx[38;2;26;55;26m.[38;2;55;76;21m.[38;2;120;118;28m:[38;2;76;94;35m,[38;2;172;203;30mk[38;2;80;116;25m;[38;2;14;56;18m.[38;2;27;62;22m.[38;2;10;56;17m.[38;2;65;108;26m,[38;2;67;86;38m'[38;2;52;61;54m.[38;2;88;100;82m;[38;2;107;118;96mc[38;2;97;109;88m:[38;2;101;104;82m:[38;2;126;124;91mc[38;2;127;126;93ml[38;2;126;124;92mc[38;2;128;124;91mc[38;2;129;125;93ml[38;2;128;126;96ml[38;2;124;123;95mc[38;2;135;135;104ml[38;2;91;95;78m;[38;2;90;96;79m;[38;2;126;120;90mc[38;2;118;107;73m:[38;2;117;105;71m:[38;2;113;103;71m:[38;2;122;116;82mc[38;2;155;146;105mo[38;2;199;184;129mO[38;2;204;187;128mO[38;2;160;145;98mo[38;2;175;165;119mx[38;2;207;193;138mO[38;2;204;189;136mO[38;2;148;138;101mo[38;2;132;124;93ml[38;2;135;127;95ml[38;2;128;120;87mc[38;2;131;127;95ml[38;2;79;83;67m,[38;2;65;75;64m'[38;2;82;93;77m;[38;2;69;78;67m'[38;2;103;104;85m:[38;2;160;151;114md[38;2;187;174;126mk[38;2;173;163;119mx[38;2;71;77;65m'[38;2;83;88;75m,[38;2;53;60;52m.[38;2;136;131;100ml[38;2;201;190;137mO[38;2;200;190;141mO[38;2;61;68;59m'[38;2;69;79;57m'[38;2;55;63;56m.[38;2;160;147;103md[38;2;213;198;140m0[38;2;136;132;98ml[38;2;89;94;31m,[38;2;160;158;13mo[38;2;116;127;31mc[38;2;69;72;62m'[38;2;153;147;112mo[38;2;46;55;33m.[38;2;159;158;19mo[38;2;158;154;12mo[38;2;157;152;12mo[38;2;155;151;15mo[38;2;108;121;23m:[38;2;42;59;34m.[38;2;109;108;30m:[38;2;82;100;28m,[38;2;25;59;30m.[38;2;182;171;129mk[38;2;106;98;75m;[38;2;6;7;6m [38;2;7;9;8m [38;2;7;9;8m [38;2;6;8;7m [38;2;5;7;6m [0m
[0m[38;2;4;6;5m [38;2;5;7;6m [38;2;5;7;6m [38;2;7;9;8m [38;2;8;10;9m [38;2;107;99;76m:[38;2;158;154;115md[38;2;12;45;17m.[38;2;73;87;20m'[38;2;102;103;27m;[38;2;97;119;35m:[38;2;192;223;24mO[38;2;188;221;25mO[38;2;156;192;29mx[38;2;66;107;25m,[38;2;8;55;16m.[38;2;10;54;19m.[38;2;27;43;38m.[38;2;77;87;73m,[38;2;84;96;78m;[38;2;72;82;68m,[38;2;75;86;72m,[38;2;73;84;70m,[38;2;98;111;89m:[38;2;104;116;93m:[38;2;119;128;103ml[38;2;116;123;98mc[38;2;110;118;94mc[38;2;119;125;98mc[38;2;152;151;114md[38;2;152;147;116md[38;2;119;121;96mc[38;2;138;138;107mo[38;2;116;124;97mc[38;2;102;115;92m:[38;2;94;101;82m;[38;2;122;118;89mc[38;2;119;114;81mc[38;2;122;112;74mc[38;2;104;96;70m;[38;2;126;115;80mc[38;2;130;121;88mc[38;2;142;135;99ml[38;2;115;110;83m:[38;2;126;115;80mc[38;2;133;122;84mc[38;2;115;109;77m:[38;2;74;77;61m'[38;2;60;70;61m'[38;2;79;86;73m,[38;2;94;96;80m;[38;2;78;83;69m,[38;2;89;100;82m;[38;2;64;74;59m'[38;2;101;102;84m:[38;2;128;122;90mc[38;2;201;186;133mO[38;2;203;190;137mO[38;2;108;108;85m:[38;2;86;97;81m;[38;2;63;73;63m'[38;2;129;126;100ml[38;2;199;188;137mO[38;2;198;187;134mO[38;2;61;66;53m.[38;2;139;138;24ml[38;2;115;116;26m:[38;2;46;54;43m.[38;2;148;144;109mo[38;2;91;96;75m;[38;2;143;172;34md[38;2;185;219;20mO[38;2;139;167;30mo[38;2;75;81;70m,[38;2;146;142;110mo[38;2;29;41;23m.[38;2;191;226;39m0[38;2;176;195;20mk[38;2;161;161;14mo[38;2;158;154;11mo[38;2;159;154;11mo[38;2;93;99;28m;[38;2;94;95;32m;[38;2;96;109;27m;[38;2;26;58;30m.[38;2;163;156;116md[38;2;134;123;91ml[38;2;6;7;5m [38;2;8;10;9m [38;2;6;8;7m [38;2;6;8;7m [38;2;5;7;6m [0m
[0m[38;2;5;6;6m [38;2;5;7;6m [38;2;5;7;6m [38;2;7;9;8m [38;2;6;9;7m [38;2;103;95;73m;[38;2;178;169;120mx[38;2;8;43;15m.[38;2;74;89;21m,[38;2;100;103;27m;[38;2;95;118;34m:[38;2;186;217;27mO[38;2;190;227;19m0[38;2;186;225;21mO[38;2;190;231;21m0[38;2;156;198;25mx[38;2;50;74;34m.[38;2;42;50;47m.[38;2;80;83;68m,[38;2;108;113;88m:[38;2;122;130;99ml[38;2;124;130;101ml[38;2;110;116;92mc[38;2;71;82;69m,[38;2;55;63;57m.[38;2;75;85;72m,[38;2;78;88;72m,[38;2;83;92;75m;[38;2;85;91;75m;[38;2;143;140;110mo[38;2;107;118;95mc[38;2;104;119;93mc[38;2;104;117;93mc[38;2;106;120;95mc[38;2;104;117;94mc[38;2;136;131;100ml[38;2;127;121;89mc[38;2;105;117;95mc[38;2;97;109;88m:[38;2;88;96;75m;[38;2;97;97;71m;[38;2;79;81;64m,[38;2;96;97;75m;[38;2;65;71;59m'[38;2;71;79;65m'[38;2;67;78;67m'[38;2;93;106;86m:[38;2;82;94;78m;[38;2;95;97;79m;[38;2;125;123;97mc[38;2;172;158;113mx[38;2;165;154;110md[38;2;113;112;88m:[38;2;64;73;63m'[38;2;78;89;74m,[38;2;61;63;50m.[38;2;188;170;114mk[38;2;207;197;145m0[38;2;124;124;98mc[38;2;48;61;45m.[38;2;49;62;37m.[38;2;72;73;58m'[38;2;179;168;123mx[38;2;167;161;121mx[38;2;76;81;36m'[38;2;157;155;13mo[38;2;160;158;15mo[38;2;44;54;34m.[38;2;113;111;89m:[38;2;104;106;81m:[38;2;133;161;36mo[38;2;196;237;19m0[38;2;158;195;29mx[38;2;63;73;62m'[38;2;134;130;101ml[38;2;30;40;25m.[38;2;190;230;35m0[38;2;193;238;19m0[38;2;194;237;21m0[38;2;178;201;21mk[38;2;162;163;11md[38;2;93;99;28m;[38;2;94;95;31m;[38;2;96;108;27m;[38;2;27;61;30m.[38;2;163;158;118md[38;2;127;119;90mc[38;2;5;6;5m [38;2;8;10;9m [38;2;6;8;7m [38;2;7;9;8m [38;2;5;7;6m [0m
[0m[38;2;4;6;5m [38;2;5;7;6m [38;2;5;7;6m [38;2;7;9;8m [38;2;6;8;6m [38;2;69;64;51m'[38;2;201;188;141mO[38;2;11;44;14m.[38;2;56;76;21m'[38;2;117;114;27m:[38;2;76;97;33m,[38;2;196;233;18m0[38;2;192;231;19m0[38;2;186;225;19mO[38;2;190;233;15m0[38;2;189;232;22m0[38;2;85;107;34m;[38;2;58;62;54m.[38;2;54;64;57m.[38;2;86;91;74m;[38;2;90;90;72m;[38;2;108;107;84m:[38;2;122;122;95mc[38;2;126;130;102ml[38;2;39;48;44m.[38;2;63;74;63m'[38;2;69;79;66m'[38;2;90;99;83m;[38;2;68;78;67m'[38;2;91;94;77m;[38;2;105;117;93mc[38;2;111;123;97mc[38;2;111;122;97mc[38;2;102;113;89m:[38;2;138;136;104ml[38;2;146;135;100mo[38;2;132;127;94ml[38;2;140;132;98ml[38;2;143;140;104mo[38;2;116;120;96mc[38;2;91;102;83m;[38;2;91;103;85m;[38;2;75;85;71m,[38;2;90;97;80m;[38;2;106;108;88m:[38;2;112;111;86m:[38;2;82;89;73m,[38;2;65;75;65m'[38;2;80;81;65m,[38;2;80;82;67m,[38;2;141;137;105mo[38;2;180;171;124mk[38;2;186;176;131mk[38;2;57;67;58m.[38;2;76;87;73m,[38;2;65;67;53m'[38;2;193;178;122mk[38;2;213;200;143m0[38;2;131;129;98ml[38;2;39;64;40m.[38;2;59;101;39m,[38;2;46;69;41m.[38;2;69;73;63m'[38;2;146;143;109mo[38;2;71;81;30m'[38;2;111;128;16mc[38;2;109;127;16m:[38;2;45;57;37m.[38;2;103;104;85m:[38;2;125;123;96mc[38;2;86;114;35m;[38;2;136;180;22md[38;2;128;169;31mo[38;2;33;54;38m.[38;2;55;68;55m.[38;2;51;77;33m'[38;2;147;192;28mx[38;2;192;236;24m0[38;2;195;239;20m0[38;2;192;236;22m0[38;2;194;234;21m0[38;2;87;104;36m;[38;2;112;109;31m:[38;2;79;97;29m,[38;2;26;61;29m.[38;2;178;170;128mx[38;2;91;85;66m,[38;2;5;7;5m [38;2;7;9;8m [38;2;7;9;8m [38;2;6;8;7m [38;2;6;8;7m [0m
[0m[38;2;5;7;6m [38;2;6;8;7m [38;2;6;8;7m [38;2;6;8;7m [38;2;6;8;7m [38;2;30;29;24m [38;2;215;198;150m0[38;2;48;73;38m.[38;2;22;52;14m.[38;2;143;137;33ml[38;2;40;56;26m.[38;2;185;216;38mO[38;2;179;212;30mO[38;2;186;224;23mO[38;2;191;231;18m0[38;2;193;237;16m0[38;2;90;113;31m;[38;2;83;81;64m,[38;2;52;60;52m.[38;2;80;89;73m,[38;2;106;116;90mc[38;2;100;110;86m:[38;2;93;99;79m;[38;2;93;96;76m;[38;2;77;77;63m,[38;2;106;105;82m:[38;2;113;117;89mc[38;2;113;122;95mc[38;2;51;62;54m.[38;2;88;100;83m;[38;2;76;88;72m,[38;2;74;83;70m,[38;2;73;82;67m,[38;2;87;96;79m;[38;2;121;122;94mc[38;2;114;118;93mc[38;2;97;108;87m:[38;2;86;94;78m;[38;2;108;109;88m:[38;2;96;99;80m;[38;2;83;94;78m;[38;2;112;126;101mc[38;2;80;83;67m,[38;2;80;79;60m,[38;2;187;169;116mk[38;2;204;188;137mO[38;2;198;186;139mO[38;2;49;56;48m.[38;2;91;100;81m;[38;2;82;87;72m,[38;2;144;135;98mo[38;2;212;199;145m0[38;2;182;175;132mk[38;2;32;46;33m.[38;2;109;146;39ml[38;2;52;64;43m.[38;2;120;110;74m:[38;2;197;181;128mk[38;2;50;58;48m.[38;2;50;88;43m'[38;2;51;98;40m,[38;2;45;76;41m.[38;2;57;64;54m.[38;2;143;142;109mo[38;2;26;49;38m.[38;2;11;62;21m.[38;2;7;62;20m.[38;2;24;45;36m.[38;2;78;83;68m,[38;2;128;126;99ml[38;2;22;54;33m.[38;2;8;60;22m.[38;2;11;61;23m.[38;2;9;60;21m.[38;2;8;59;21m.[38;2;9;59;22m.[38;2;9;60;21m.[38;2;45;93;25m'[38;2;132;176;28md[38;2;193;237;23m0[38;2;196;238;24m0[38;2;54;72;34m.[38;2;140;135;34ml[38;2;46;73;28m.[38;2;37;65;37m.[38;2;201;189;144mO[38;2;32;32;25m.[38;2;6;8;6m [38;2;8;10;9m [38;2;7;9;8m [38;2;6;8;7m [38;2;6;8;7m [0m
[0m[38;2;5;7;6m [38;2;6;8;7m [38;2;7;9;8m [38;2;7;9;8m [38;2;8;10;9m [38;2;4;6;5m [38;2;183;166;125mx[38;2;121;125;85mc[38;2;8;46;14m.[38;2;113;117;23m:[38;2;67;74;28m'[38;2;133;158;39mo[38;2;188;225;22mO[38;2;190;228;20m0[38;2;188;227;21m0[38;2;191;232;18m0[38;2;93;112;36m;[38;2;103;101;80m:[38;2;120;114;85mc[38;2;48;63;38m.[38;2;103;134;37mc[38;2;81;99;56m;[38;2;77;88;70m,[38;2;102;112;87m:[38;2;78;89;74m,[38;2;89;98;79m;[38;2;87;93;74m;[38;2;95;96;76m;[38;2;78;78;64m,[38;2;93;94;74m;[38;2;105;112;88m:[38;2;95;105;85m:[38;2;102;114;91m:[38;2;84;96;79m;[38;2;72;84;70m,[38;2;73;84;71m,[38;2;76;85;71m,[38;2;92;94;76m;[38;2;126;120;90mc[38;2;125;119;89mc[38;2;109;107;82m:[38;2;66;76;66m'[38;2;70;72;59m'[38;2;58;63;54m.[38;2;121;115;87mc[38;2;195;179;123mk[38;2;209;197;142m0[38;2;50;58;49m.[38;2;76;86;69m,[38;2;51;58;50m.[38;2;143;133;97ml[38;2;212;197;141m0[38;2;173;167;125mx[38;2;50;72;34m.[38;2;164;227;22mO[38;2;122;168;35mo[38;2;45;54;49m.[38;2;162;150;110md[38;2;57;66;55m.[38;2;53;92;44m'[38;2;51;93;40m'[38;2;47;80;41m'[38;2;62;71;61m'[38;2;135;137;106ml[38;2;32;49;39m.[38;2;37;84;34m'[38;2;37;84;35m'[38;2;40;77;39m.[38;2;41;64;42m.[38;2;42;68;41m.[38;2;42;84;38m'[38;2;42;87;37m'[38;2;42;85;37m'[38;2;44;87;38m'[38;2;41;86;38m'[38;2;41;85;38m'[38;2;41;85;37m'[38;2;41;86;37m'[38;2;40;87;36m'[38;2;80;121;40m:[38;2;123;155;42ml[38;2;54;62;28m.[38;2;130;130;32mc[38;2;25;59;30m.[38;2;71;87;61m,[38;2;149;140;110mo[38;2;5;6;5m [38;2;6;8;7m [38;2;6;8;7m [38;2;7;9;8m [38;2;7;9;8m [38;2;6;8;7m [0m
[0m[38;2;6;8;7m [38;2;6;8;7m [38;2;6;8;7m [38;2;7;9;8m [38;2;7;9;8m [38;2;6;8;7m [38;2;87;81;64m,[38;2;203;187;140mO[38;2;33;60;27m.[38;2;50;75;21m.[38;2;131;128;32mc[38;2;55;73;32m.[38;2;185;221;29mO[38;2;189;229;18m0[38;2;179;206;21mk[38;2;161;162;13mo[38;2;93;97;30m;[38;2;92;91;73m;[38;2;109;107;81m:[38;2;57;76;34m'[38;2;184;238;21m0[38;2;184;235;21m0[38;2;144;167;26mo[38;2;103;104;27m;[38;2;87;93;44m,[38;2;67;77;59m'[38;2;83;93;77m;[38;2;105;115;91m:[38;2;64;73;63m'[38;2;85;92;75m;[38;2;101;103;81m:[38;2;99;97;76m;[38;2;112;111;87m:[38;2;115;118;93mc[38;2;97;108;86m:[38;2;66;77;65m'[38;2;81;91;72m,[38;2;100;100;80m;[38;2;158;150;112md[38;2;185;172;126mk[38;2;171;162;118mx[38;2;79;83;67m,[38;2;95;109;89m:[38;2;70;83;67m,[38;2;141;133;94ml[38;2;198;182;126mO[38;2;205;193;139mO[38;2;55;63;53m.[38;2;150;182;36md[38;2;105;121;35m:[38;2;60;65;52m.[38;2;177;166;122mx[38;2;82;87;67m,[38;2;131;181;32md[38;2;161;226;12mO[38;2;128;178;30md[38;2;56;65;58m.[38;2;124;122;93mc[38;2;70;76;64m'[38;2;50;87;43m'[38;2;66;106;49m;[38;2;68;97;54m,[38;2;61;69;61m'[38;2;90;94;76m;[38;2;60;71;46m'[38;2;102;125;58mc[38;2;85;112;46m;[38;2;75;105;40m;[38;2;76;108;41m;[38;2;78;109;41m;[38;2;72;106;38m;[38;2;74;107;39m;[38;2;74;108;40m;[38;2;81;110;40m;[38;2;69;105;38m,[38;2;69;105;37m,[38;2;69;104;38m,[38;2;64;102;40m,[38;2;55;96;44m,[38;2;57;95;45m,[38;2;32;54;35m.[38;2;119;115;28m:[38;2;70;90;27m,[38;2;29;62;33m.[38;2;170;164;124mx[38;2;78;75;59m'[38;2;5;7;6m [38;2;8;10;9m [38;2;6;8;7m [38;2;6;8;7m [38;2;6;8;7m [38;2;4;6;5m [0m
[0m[38;2;4;6;5m [38;2;5;7;6m [38;2;6;8;7m [38;2;6;8;7m [38;2;7;9;8m [38;2;8;10;9m [38;2;8;9;7m [38;2;178;162;127mx[38;2;124;130;89ml[38;2;11;46;14m.[38;2;108;113;24m:[38;2;75;80;28m'[38;2;123;145;35ml[38;2;163;170;18md[38;2;153;147;13ml[38;2;151;144;14ml[38;2;90;93;29m,[38;2;96;95;78m;[38;2;106;104;80m:[38;2;56;75;35m'[38;2;175;228;20mO[38;2;177;221;28mO[38;2;186;233;20m0[38;2;187;200;22mk[38;2;198;202;29mO[38;2;189;191;36mk[38;2;106;121;35m:[38;2;23;50;32m.[38;2;40;57;47m.[38;2;51;63;56m.[38;2;93;105;85m:[38;2;95;108;86m:[38;2;100;111;88m:[38;2;110;116;92mc[38;2;109;111;90m:[38;2;81;86;70m,[38;2;100;104;85m:[38;2;72;82;68m,[38;2;88;88;71m,[38;2;160;147;107md[38;2;210;197;144m0[38;2;107;108;84m:[38;2;71;83;67m,[38;2;48;60;46m.[38;2;104;100;74m;[38;2;187;170;118mk[38;2;189;179;133mk[38;2;62;75;47m'[38;2;175;215;25mO[38;2;159;175;26md[38;2;32;41;31m.[38;2;141;138;107mo[38;2;96;98;79m;[38;2;120;163;36mo[38;2;163;224;17mO[38;2;133;180;39md[38;2;49;59;52m.[38;2;113;112;87m:[38;2;87;91;77m;[38;2;61;89;50m,[38;2;70;109;51m;[38;2;62;101;43m,[38;2;100;110;31m;[38;2;113;115;28m:[38;2;152;147;16ml[38;2;160;153;9mo[38;2;161;153;10mo[38;2;160;154;8mo[38;2;157;152;9mo[38;2;156;150;15mo[38;2;158;153;9mo[38;2;158;152;9mo[38;2;156;151;10mo[38;2;156;152;9mo[38;2;156;151;13mo[38;2;157;151;16mo[38;2;156;151;14mo[38;2;154;152;14mo[38;2;115;129;24mc[38;2;56;82;38m'[38;2;68;71;32m'[38;2;125;128;31mc[38;2;26;58;28m.[38;2;93;107;74m:[38;2;148;139;109mo[38;2;12;12;10m [38;2;6;8;7m [38;2;7;9;8m [38;2;6;8;7m [38;2;5;7;6m [38;2;5;7;6m [38;2;4;6;5m [0m
[0m[38;2;4;6;5m [38;2;4;6;5m [38;2;5;7;6m [38;2;5;7;6m [38;2;6;8;7m [38;2;7;9;7m [38;2;7;9;7m [38;2;45;43;36m.[38;2;196;180;136mO[38;2;57;81;47m'[38;2;22;58;18m.[38;2;136;135;27ml[38;2;56;63;29m.[38;2;126;125;24mc[38;2;150;151;12mo[38;2;149;175;16md[38;2;123;161;29mo[38;2;75;90;50m,[38;2;69;81;47m'[38;2;114;149;31ml[38;2;179;229;19mO[38;2;178;223;24mO[38;2;179;217;27mO[38;2;182;198;33mk[38;2;193;196;33mk[38;2;194;195;33mk[38;2;132;153;35mo[38;2;5;61;15m.[38;2;5;62;15m.[38;2;15;60;18m.[38;2;118;139;42mc[38;2;84;99;52m;[38;2;62;74;59m'[38;2;83;96;77m;[38;2;103;116;93m:[38;2;62;73;62m'[38;2;107;121;96mc[38;2;86;98;79m;[38;2;80;82;70m,[38;2;156;143;104mo[38;2;201;189;135mO[38;2;111;111;89m:[38;2;94;103;32m;[38;2;152;175;36md[38;2;53;66;43m.[38;2;134;128;97ml[38;2;125;123;91mc[38;2;105;131;37mc[38;2;186;218;22mO[38;2;161;164;21md[38;2;42;50;32m.[38;2;124;123;98mc[38;2;119;119;94mc[38;2;99;135;38mc[38;2;158;218;20mk[38;2;136;192;28mx[38;2;31;46;38m.[38;2;88;91;76m;[38;2;54;66;51m.[38;2;51;92;40m'[38;2;54;97;40m,[38;2;53;94;37m,[38;2;133;139;23ml[38;2;162;154;21mo[38;2;165;157;23mo[38;2;164;156;23mo[38;2;161;153;17mo[38;2;162;155;16mo[38;2;160;154;13mo[38;2;160;153;12mo[38;2;158;150;18mo[38;2;160;152;17mo[38;2;158;150;18mo[38;2;160;153;18mo[38;2;157;152;14mo[38;2;157;152;12mo[38;2;157;154;10mo[38;2;159;154;12mo[38;2;140;139;20ml[38;2;53;62;29m.[38;2;138;132;29ml[38;2;43;70;30m.[38;2;64;86;54m,[38;2;187;175;130mk[38;2;54;52;41m.[38;2;6;8;7m [38;2;7;9;8m [38;2;7;9;8m [38;2;6;8;7m [38;2;4;6;5m [38;2;4;6;5m [38;2;4;6;5m [0m
[0m[38;2;3;5;4m [38;2;4;6;5m [38;2;4;6;5m [38;2;5;7;6m [38;2;5;7;6m [38;2;6;8;7m [38;2;6;8;7m [38;2;7;9;8m [38;2;72;67;54m'[38;2;194;180;136mk[38;2;44;71;38m.[38;2;39;65;19m.[38;2;125;124;27mc[38;2;50;63;29m.[38;2;126;173;24mo[38;2;140;200;17mx[38;2;141;201;15mx[38;2;151;210;17mk[38;2;172;221;20mO[38;2;187;231;17m0[38;2;168;201;28mk[38;2;179;220;27mO[38;2;171;206;32mk[38;2;184;200;34mk[38;2;195;197;31mk[38;2;193;193;33mk[38;2;133;153;31ml[38;2;5;62;16m.[38;2;6;62;15m.[38;2;13;65;10m.[38;2;192;227;29m0[38;2;190;223;19mO[38;2;177;207;28mk[38;2;85;114;34m;[38;2;45;69;47m.[38;2;44;61;49m.[38;2;44;65;48m.[38;2;24;51;33m.[38;2;65;68;60m'[38;2;151;138;95mo[38;2;183;173;127mk[38;2;72;81;53m'[38;2;132;135;23mc[38;2;148;149;13mo[38;2;55;66;36m.[38;2;91;93;73m;[38;2;148;144;107mo[38;2;82;92;35m,[38;2;158;156;11mo[38;2;152;151;12mo[38;2;54;61;34m.[38;2;100;104;83m:[38;2;133;129;98ml[38;2;85;117;36m;[38;2;159;220;12mk[38;2;68;122;26m;[38;2;85;117;28m;[38;2;162;170;32md[38;2;56;95;35m,[38;2;55;98;42m,[38;2;58;100;42m,[38;2;59;97;44m,[38;2;134;147;36ml[38;2;171;170;27md[38;2;168;170;17md[38;2;163;167;11md[38;2;163;166;11md[38;2;162;166;12md[38;2;163;165;15md[38;2;165;163;24md[38;2;166;167;26md[38;2;163;166;18md[38;2;163;167;14md[38;2;162;164;16md[38;2;157;154;12mo[38;2;157;154;10mo[38;2;159;154;12mo[38;2;143;141;19ml[38;2;55;62;29m.[38;2;125;123;30mc[38;2;58;80;31m'[38;2;51;73;44m.[38;2;193;180;135mk[38;2;101;95;74m;[38;2;4;6;5m [38;2;8;9;8m [38;2;8;10;9m [38;2;6;8;7m [38;2;6;8;7m [38;2;5;7;6m [38;2;4;6;5m [38;2;3;5;4m [0m
[0m[38;2;2;4;3m [38;2;3;4;3m [38;2;3;5;4m [38;2;4;6;5m [38;2;5;7;6m [38;2;5;7;6m [38;2;6;8;7m [38;2;7;9;8m [38;2;5;7;6m [38;2;87;80;64m,[38;2;190;178;134mk[38;2;45;70;36m.[38;2;44;68;20m.[38;2;120;120;26m:[38;2;52;68;27m.[38;2;117;164;27mo[38;2;168;212;23mk[38;2;186;224;22mO[38;2;185;223;21mO[38;2;183;215;20mO[38;2;167;199;26mk[38;2;180;228;16mO[38;2;178;225;17mO[38;2;188;208;21mO[38;2;193;197;29mk[38;2;181;188;33mx[38;2;111;132;29mc[38;2;5;60;15m.[38;2;6;61;16m.[38;2;15;64;12m.[38;2;197;232;26m0[38;2;194;228;15m0[38;2;194;226;16m0[38;2;105;144;31mc[38;2;46;96;39m'[38;2;46;94;39m'[38;2;40;90;35m'[38;2;17;71;22m.[38;2;25;44;35m.[38;2;112;108;87m:[38;2;137;129;94ml[38;2;34;57;33m.[38;2;77;105;20m;[38;2;116;130;15mc[38;2;61;72;34m'[38;2;83;85;69m,[38;2;152;146;113mo[38;2;59;67;35m.[38;2;156;165;14md[38;2;153;180;13md[38;2;97;128;33m:[38;2;64;76;52m'[38;2;78;94;50m,[38;2;138;183;31md[38;2;80;134;31m:[38;2;31;79;21m.[38;2;152;169;29md[38;2;170;180;31mx[38;2;65;104;46m,[38;2;77;112;57m;[38;2;74;110;56m;[38;2;65;103;47m,[38;2;176;209;44mO[38;2;184;217;39mO[38;2;185;219;35mO[38;2;172;204;42mk[38;2;189;227;32m0[38;2;188;226;31m0[38;2;189;228;30m0[38;2;188;227;30m0[38;2;183;217;35mO[38;2;194;231;24m0[38;2;187;221;27mO[38;2;193;232;24m0[38;2;192;225;24m0[38;2;171;184;18mx[38;2;136;135;20ml[38;2;56;65;31m.[38;2;126;124;29mc[38;2;63;84;28m'[38;2;48;73;44m.[38;2;197;185;136mO[38;2;110;103;79m:[38;2;5;7;5m [38;2;7;9;8m [38;2;8;8;8m [38;2;7;9;8m [38;2;6;8;7m [38;2;5;7;6m [38;2;4;6;5m [38;2;4;6;5m [38;2;2;4;3m [0m
[0m[38;2;2;3;3m [38;2;2;3;2m [38;2;2;3;2m [38;2;2;4;3m [38;2;4;6;5m [38;2;5;7;6m [38;2;6;8;7m [38;2;6;8;7m [38;2;6;8;7m [38;2;5;6;6m [38;2;78;73;58m'[38;2;181;169;127mx[38;2;53;76;41m'[38;2;37;64;20m.[38;2;114;117;30m:[38;2;64;73;27m'[38;2;121;146;32ml[38;2;181;210;26mO[38;2;166;176;18md[38;2;154;153;7mo[38;2;169;200;14mk[38;2;175;225;13mO[38;2;177;226;15mO[38;2;177;201;25mk[38;2;118;143;37ml[38;2;57;97;38m,[38;2;76;106;31m;[38;2;4;62;14m.[38;2;4;62;14m.[38;2;12;67;10m.[38;2;191;226;32m0[38;2;194;229;13m0[38;2;185;218;19mO[38;2;104;145;34mc[38;2;45;95;39m'[38;2;45;95;39m'[38;2;46;97;39m'[38;2;44;94;37m'[38;2;29;51;37m.[38;2;85;85;68m,[38;2;155;148;110md[38;2;49;67;37m.[38;2;108;126;20m:[38;2;127;135;19mc[38;2;73;81;34m'[38;2;69;74;61m'[38;2;140;132;103ml[38;2;60;81;36m'[38;2;157;216;19mk[38;2;157;214;18mk[38;2;150;206;17mx[38;2;151;208;23mk[38;2;104;157;22ml[38;2;47;97;23m'[38;2;71;111;22m;[38;2;145;166;23mo[38;2;183;192;25mk[38;2;98;128;35m:[38;2;52;93;41m'[38;2;54;98;43m,[38;2;65;105;49m,[38;2;91;127;52m:[38;2;184;218;42mO[38;2;163;190;52mx[38;2;165;189;55mx[38;2;170;197;50mk[38;2;178;211;40mO[38;2;172;206;48mk[38;2;179;213;46mO[38;2;183;218;38mO[38;2;178;208;43mO[38;2;191;225;29m0[38;2;193;232;25m0[38;2;192;233;22m0[38;2;196;238;22m0[38;2;135;165;36mo[38;2;65;74;32m'[38;2;126;125;28mc[38;2;52;75;28m.[38;2;51;76;47m'[38;2;182;174;130mk[38;2;98;93;74m;[38;2;4;5;3m [38;2;8;9;7m [38;2;8;9;9m [38;2;8;9;9m [38;2;7;8;7m [38;2;6;8;7m [38;2;5;7;6m [38;2;3;5;4m [38;2;3;5;4m [38;2;2;4;3m [0m
[0m[38;2;2;2;2m [38;2;2;3;2m [38;2;2;4;3m [38;2;2;4;3m [38;2;3;5;4m [38;2;4;6;5m [38;2;4;6;5m [38;2;5;7;6m [38;2;6;8;7m [38;2;6;8;7m [38;2;5;7;6m [38;2;43;41;34m.[38;2;139;132;103ml[38;2;77;91;58m,[38;2;21;54;15m.[38;2;99;107;25m;[38;2;91;95;28m,[38;2;68;76;26m'[38;2;135;133;18mc[38;2;152;148;8mo[38;2;168;197;16mx[38;2;178;226;16mO[38;2;177;225;16mO[38;2;87;133;31m:[38;2;46;94;42m'[38;2;50;95;40m,[38;2;84;116;29m;[38;2;4;61;15m.[38;2;5;62;15m.[38;2;11;65;10m.[38;2;191;225;30m0[38;2;191;226;15mO[38;2;193;229;13m0[38;2;105;149;28ml[38;2;44;95;39m'[38;2;45;93;39m'[38;2;52;95;37m,[38;2;90;117;28m:[38;2;60;73;35m'[38;2;71;71;57m'[38;2;159;150;113md[38;2;54;63;35m.[38;2;154;158;18mo[38;2;159;168;17md[38;2;138;155;24mo[38;2;86;107;39m;[38;2;99;122;42m:[38;2;151;195;27mx[38;2;162;215;21mk[38;2;147;195;27mx[38;2;135;179;29md[38;2;124;165;23mo[38;2;144;177;29md[38;2;179;196;26mk[38;2;194;201;19mk[38;2;170;181;23mx[38;2;100;130;33m:[38;2;54;100;38m,[38;2;55;100;39m,[38;2;56;100;42m,[38;2;62;104;42m,[38;2;163;200;40mk[38;2;185;219;37mO[38;2;157;183;54mx[38;2;184;218;31mO[38;2;190;222;40m0[38;2;164;191;46mx[38;2;174;205;45mk[38;2;180;215;36mO[38;2;179;209;47mO[38;2;174;203;44mk[38;2;190;228;25m0[38;2;193;236;22m0[38;2;178;215;29mO[38;2;90;111;36m;[38;2;89;93;31m,[38;2;108;114;33m:[38;2;36;67;31m.[38;2;69;89;59m,[38;2;186;176;133mk[38;2;66;63;50m.[38;2;3;5;4m [38;2;8;9;8m [38;2;8;9;8m [38;2;7;9;8m [38;2;7;9;8m [38;2;7;9;8m [38;2;5;6;5m [38;2;4;6;5m [38;2;2;4;3m [38;2;2;4;3m [38;2;1;3;2m [0m
[0m[38;2;1;1;1m [38;2;2;2;2m [38;2;1;2;2m [38;2;1;3;2m [38;2;2;4;3m [38;2;3;5;4m [38;2;4;6;5m [38;2;5;6;5m [38;2;6;7;6m [38;2;5;7;6m [38;2;7;9;8m [38;2;6;8;7m [38;2;15;16;13m [38;2;91;88;73m;[38;2;116;118;89mc[38;2;39;61;32m.[38;2;48;71;19m.[38;2;108;113;29m:[38;2;74;80;29m'[38;2;85;90;23m,[38;2;160;189;21mx[38;2;177;227;14mO[38;2;176;222;16mO[38;2;84;132;30m:[38;2;47;94;42m'[38;2;50;92;38m'[38;2;82;112;29m;[38;2;4;60;15m.[38;2;5;61;15m.[38;2;12;62;12m.[38;2;184;218;34mO[38;2;191;225;18m0[38;2;193;229;16m0[38;2;103;144;29mc[38;2;56;97;36m,[38;2;108;127;26m:[38;2;146;148;16ml[38;2;155;150;9mo[38;2;84;88;31m,[38;2;71;72;62m'[38;2;135;128;101ml[38;2;64;81;37m'[38;2;194;236;21m0[38;2;192;237;18m0[38;2;189;235;19m0[38;2;194;242;19m0[38;2;190;237;15m0[38;2;192;241;14m0[38;2;193;241;15m0[38;2;191;238;16m0[38;2;181;222;22mO[38;2;152;182;22md[38;2;180;210;26mO[38;2;160;173;31md[38;2;118;143;33ml[38;2;63;106;38m,[38;2;52;101;38m,[38;2;55;101;40m,[38;2;56;99;42m,[38;2;75;118;39m;[38;2;165;206;34mk[38;2;191;227;30m0[38;2;176;206;42mk[38;2;167;196;50mk[38;2;177;211;33mO[38;2;187;220;37mO[38;2;168;194;43mk[38;2;174;202;48mk[38;2;184;214;42mO[38;2;178;208;45mO[38;2;188;222;34mO[38;2;188;225;29m0[38;2;115;141;32mc[38;2;77;84;32m,[38;2;116;117;30m:[38;2;64;85;29m'[38;2;24;53;29m.[38;2;28;53;32m.[38;2;66;78;58m'[38;2;23;23;20m [38;2;5;6;5m [38;2;8;9;9m [38;2;7;9;8m [38;2;6;8;7m [38;2;6;8;7m [38;2;5;7;6m [38;2;4;6;5m [38;2;4;5;5m [38;2;3;5;4m [38;2;2;4;3m [38;2;1;3;2m [38;2;1;2;2m [0m
[0m[38;2;1;1;1m [38;2;1;2;2m [38;2;1;2;2m [38;2;2;2;2m [38;2;2;4;3m [38;2;3;5;4m [38;2;3;5;4m [38;2;4;6;5m [38;2;4;6;5m [38;2;5;7;6m [38;2;5;7;6m [38;2;5;7;6m [38;2;6;8;7m [38;2;5;7;6m [38;2;53;52;42m.[38;2;155;147;114md[38;2;116;120;85mc[38;2;29;55;23m.[38;2;62;80;20m'[38;2;109;113;29m:[38;2;80;90;30m,[38;2;105;135;28mc[38;2;168;210;25mk[38;2;86;133;31m:[38;2;47;93;42m'[38;2;50;93;40m'[38;2;75;106;31m;[38;2;4;60;15m.[38;2;4;60;15m.[38;2;11;64;11m.[38;2;186;225;30m0[38;2;191;230;12m0[38;2;192;232;10m0[38;2;144;165;22mo[38;2;149;148;15ml[38;2;154;150;11mo[38;2;157;160;12mo[38;2;175;198;16mk[38;2;165;199;27mk[38;2;104;129;35mc[38;2;106;130;35mc[38;2;161;201;32mk[38;2;153;199;24mx[38;2;130;177;28md[38;2;114;158;34ml[38;2;108;154;34ml[38;2;107;152;34ml[38;2;108;155;33ml[38;2;112;159;33ml[38;2;113;159;33ml[38;2;106;153;33ml[38;2;88;132;40m:[38;2;62;105;39m,[38;2;53;99;40m,[38;2;51;98;40m,[38;2;53;100;38m,[38;2;52;99;40m,[38;2;71;112;41m;[38;2;130;172;35mo[38;2;187;228;26m0[38;2;192;234;22m0[38;2;192;231;24m0[38;2;176;209;41mO[38;2;180;214;37mO[38;2;173;205;39mk[38;2;177;209;38mO[38;2;181;216;33mO[38;2;176;209;40mO[38;2;181;214;39mO[38;2;179;214;33mO[38;2;120;146;35ml[38;2;80;90;33m,[38;2;112;114;31m:[38;2;79;96;29m,[38;2;31;63;33m.[38;2;16;43;21m.[38;2;34;54;34m.[38;2;9;18;10m [38;2;3;4;2m [38;2;5;6;6m [38;2;6;8;7m [38;2;5;7;6m [38;2;6;7;7m [38;2;5;7;6m [38;2;4;6;5m [38;2;3;5;4m [38;2;3;5;4m [38;2;3;5;4m [38;2;2;4;3m [38;2;1;3;2m [38;2;1;3;2m [38;2;1;2;1m [0m
[0m[38;2;1;1;1m [38;2;1;1;1m [38;2;1;2;2m [38;2;1;2;1m [38;2;2;3;2m [38;2;2;4;3m [38;2;2;4;3m [38;2;3;5;4m [38;2;3;5;4m [38;2;4;6;5m [38;2;5;7;6m [38;2;6;8;7m [38;2;7;9;8m [38;2;8;10;9m [38;2;7;9;7m [38;2;9;10;8m [38;2;94;88;69m;[38;2;174;164;124mx[38;2;112;120;83mc[38;2;32;60;26m.[38;2;67;87;22m'[38;2;107;113;29m:[38;2;82;90;29m,[38;2;48;74;34m.[38;2;45;82;39m'[38;2;49;90;38m'[38;2;81;111;31m;[38;2;3;61;14m.[38;2;4;60;16m.[38;2;12;64;10m.[38;2;189;224;35m0[38;2;191;230;16m0[38;2;190;228;13m0[38;2;168;178;14md[38;2;158;156;10mo[38;2;175;195;15mk[38;2;189;227;17m0[38;2;191;229;15m0[38;2;183;223;25mO[38;2;133;179;30md[38;2;84;131;38m:[38;2;49;97;40m,[38;2;46;95;43m'[38;2;46;95;42m'[38;2;47;95;42m'[38;2;48;96;42m,[38;2;52;99;43m,[38;2;48;97;42m,[38;2;48;96;42m,[38;2;49;97;42m,[38;2;49;95;41m'[38;2;51;99;42m,[38;2;51;100;41m,[38;2;53;99;39m,[38;2;69;109;37m;[38;2;95;120;31m:[38;2;125;136;22mc[38;2;156;154;14mo[38;2;172;182;16mx[38;2;188;221;22mO[38;2;190;228;25m0[38;2;188;224;27mO[38;2;189;221;37mO[38;2;175;203;41mk[38;2;177;205;41mk[38;2;188;220;32mO[38;2;193;235;27m0[38;2;162;196;36mx[38;2;103;126;36m:[38;2;83;90;32m,[38;2;110;113;31m:[38;2;81;99;30m,[38;2;30;62;31m.[38;2;34;58;38m.[38;2;97;103;81m:[38;2;31;35;27m.[38;2;2;4;3m [38;2;4;6;4m [38;2;4;6;5m [38;2;5;7;6m [38;2;5;7;6m [38;2;4;6;5m [38;2;4;6;5m [38;2;3;5;4m [38;2;3;5;4m [38;2;3;5;4m [38;2;2;4;3m [38;2;2;3;3m [38;2;2;2;2m [38;2;1;2;1m [38;2;1;2;1m [38;2;1;2;1m [0m
[0m[38;2;0;0;0m [38;2;1;1;1m [38;2;1;1;1m [38;2;1;1;1m [38;2;1;2;2m [38;2;1;3;2m [38;2;2;3;2m [38;2;3;5;4m [38;2;3;5;4m [38;2;3;5;4m [38;2;4;6;5m [38;2;6;7;6m [38;2;6;7;6m [38;2;7;9;8m [38;2;7;9;8m [38;2;8;9;9m [38;2;9;9;9m [38;2;15;15;13m [38;2;88;84;65m,[38;2;162;155;120md[38;2;126;132;91ml[38;2;46;69;36m.[38;2;53;75;22m.[38;2;93;105;27m;[38;2;95;99;29m;[38;2;61;75;29m'[38;2;54;75;29m'[38;2;9;57;19m.[38;2;5;61;15m.[38;2;11;62;10m.[38;2;186;226;31m0[38;2;185;225;19mO[38;2;192;231;13m0[38;2;174;193;20mx[38;2;182;214;19mO[38;2;185;225;17mO[38;2;185;226;24mO[38;2;135;178;31md[38;2;60;108;38m,[38;2;45;93;41m'[38;2;46;91;41m'[38;2;62;101;38m,[38;2;96;119;29m:[38;2;117;130;23mc[38;2;131;137;20ml[38;2;137;141;18ml[38;2;138;141;18ml[38;2;136;140;20ml[38;2;126;134;23mc[38;2;111;126;24mc[38;2;112;128;23mc[38;2;120;133;22mc[38;2;133;140;20ml[38;2;149;149;17mo[38;2;154;149;17mo[38;2;157;149;15mo[38;2;156;150;16mo[38;2;160;154;15mo[38;2;159;152;15mo[38;2;159;154;15mo[38;2;168;175;20md[38;2;175;198;34mk[38;2;164;187;48mx[38;2;133;154;50mo[38;2;145;170;43md[38;2;106;126;35m:[38;2;92;105;32m;[38;2;94;97;29m;[38;2;101;109;32m;[38;2;65;87;29m'[38;2;48;74;43m.[38;2;91;103;72m;[38;2;137;134;102ml[38;2;25;29;22m [38;2;10;12;9m [38;2;3;5;4m [38;2;4;6;5m [38;2;4;6;5m [38;2;4;6;5m [38;2;5;6;5m [38;2;4;5;5m [38;2;3;5;4m [38;2;2;4;3m [38;2;2;4;3m [38;2;2;4;3m [38;2;1;3;2m [38;2;1;2;2m [38;2;1;2;2m [38;2;1;1;1m [38;2;1;1;1m [38;2;1;1;1m [38;2;0;0;0m [0m
[0m[38;2;0;0;0m [38;2;1;1;1m [38;2;1;1;1m [38;2;1;1;1m [38;2;1;1;1m [38;2;2;2;2m [38;2;2;2;2m [38;2;2;4;3m [38;2;3;5;4m [38;2;3;5;4m [38;2;3;5;4m [38;2;4;5;5m [38;2;5;6;6m [38;2;6;7;6m [38;2;6;7;6m [38;2;6;8;7m [38;2;7;8;7m [38;2;8;10;9m [38;2;7;9;8m [38;2;7;8;7m [38;2;60;58;46m.[38;2;138;131;101ml[38;2;155;153;114md[38;2;84;100;65m;[38;2;38;68;30m.[38;2;60;79;20m'[38;2;89;102;25m;[38;2;89;97;28m;[38;2;67;81;27m'[38;2;35;60;22m.[38;2;129;161;30mo[38;2;163;202;22mk[38;2;184;223;25mO[38;2;179;218;24mO[38;2;184;226;22mO[38;2;173;214;27mO[38;2;89;132;37m:[38;2;46;94;40m'[38;2;45;93;39m'[38;2;65;102;36m,[38;2;120;130;21mc[38;2;152;148;16mo[38;2;156;151;11mo[38;2;157;151;11mo[38;2;155;151;13mo[38;2;159;159;17mo[38;2;159;161;17mo[38;2;158;158;15mo[38;2;155;150;15mo[38;2;157;151;13mo[38;2;147;145;15ml[38;2;138;141;16ml[38;2;128;134;17mc[38;2;137;141;13ml[38;2;140;140;19ml[38;2;151;148;18mo[38;2;154;149;21mo[38;2;156;150;23mo[38;2;155;149;27mo[38;2;156;151;25mo[38;2;140;137;20ml[38;2;104;106;23m;[38;2;83;94;37m,[38;2;79;89;40m,[38;2;87;94;32m,[38;2;92;101;29m;[38;2;68;89;28m,[38;2;45;73;36m.[38;2;93;109;76m:[38;2;154;152;111md[38;2;135;127;97ml[38;2;66;64;49m.[38;2;8;9;7m [38;2;4;6;5m [38;2;4;6;5m [38;2;4;6;5m [38;2;4;6;5m [38;2;4;6;5m [38;2;3;5;4m [38;2;3;5;4m [38;2;3;5;4m [38;2;2;4;3m [38;2;2;4;3m [38;2;2;4;3m [38;2;1;3;2m [38;2;2;2;2m [38;2;1;2;1m [38;2;1;2;1m [38;2;1;1;1m [38;2;1;1;1m [38;2;0;0;0m [38;2;0;0;0m [0m
[0m[38;2;0;0;0m [38;2;0;0;0m [38;2;0;0;0m [38;2;1;1;1m [38;2;1;1;1m [38;2;1;2;1m [38;2;1;2;2m [38;2;2;3;2m [38;2;1;3;2m [38;2;2;4;3m [38;2;2;4;3m [38;2;3;5;4m [38;2;4;6;5m [38;2;4;6;5m [38;2;4;6;5m [38;2;5;7;6m [38;2;5;7;6m [38;2;7;9;8m [38;2;8;9;9m [38;2;9;11;10m [38;2;9;11;10m [38;2;7;9;8m [38;2;15;17;14m [38;2;81;78;61m,[38;2;137;130;99ml[38;2;147;147;109mo[38;2;102;120;79m:[38;2;48;81;41m'[38;2;43;76;22m.[38;2;81;101;24m,[38;2;90;103;25m;[38;2;90;98;27m;[38;2;91;101;31m;[38;2;96;115;30m:[38;2;99;124;30m:[38;2;70;100;35m,[38;2;41;80;39m.[38;2;43;87;40m'[38;2;81;110;31m;[38;2;149;146;15ml[38;2;153;149;11mo[38;2;157;152;10mo[38;2;159;160;11mo[38;2;174;197;16mk[38;2;184;225;19mO[38;2;189;234;17m0[38;2;188;234;16m0[38;2;186;230;24m0[38;2;180;214;28mO[38;2;175;199;21mk[38;2;166;176;19md[38;2;157;155;14mo[38;2;147;146;18ml[38;2;139;142;18ml[38;2;124;130;19mc[38;2;107;114;24m:[38;2;97;104;26m;[38;2;92;96;27m,[38;2;86;88;29m,[38;2;84;88;29m,[38;2;82;89;31m,[38;2;91;102;28m;[38;2;79;98;26m,[38;2;49;77;26m.[38;2;49;78;42m'[38;2;97;115;74m:[38;2;145;147;107mo[38;2;151;144;108mo[38;2;88;84;63m,[38;2;22;23;19m [38;2;4;6;4m [38;2;5;7;5m [38;2;6;8;7m [38;2;6;8;7m [38;2;5;7;6m [38;2;4;6;5m [38;2;4;6;5m [38;2;4;6;5m [38;2;3;5;4m [38;2;2;4;3m [38;2;19;21;20m [38;2;44;46;45m.[38;2;6;8;7m [38;2;1;2;2m [38;2;1;2;1m [38;2;1;1;1m [38;2;1;1;1m [38;2;0;0;0m [38;2;0;0;0m [38;2;0;0;0m [38;2;0;0;0m  [0m
[0m[38;2;0;0;0m  [38;2;0;0;0m [38;2;0;0;0m [38;2;1;1;1m [38;2;1;1;1m [38;2;1;1;1m [38;2;1;1;1m [38;2;1;2;2m [38;2;1;3;2m [38;2;2;4;3m [38;2;2;4;3m [38;2;3;5;4m [38;2;4;5;4m [38;2;4;6;5m [38;2;4;6;5m [38;2;5;7;6m [38;2;6;8;7m [38;2;7;9;8m [38;2;7;9;8m [38;2;8;9;8m [38;2;8;9;8m [38;2;8;10;9m [38;2;8;10;9m [38;2;6;8;6m [38;2;14;13;12m [38;2;60;57;46m.[38;2;108;101;77m:[38;2;131;127;95ml[38;2;129;135;97ml[38;2;101;118;78m:[38;2;64;93;52m,[38;2;50;82;32m'[38;2;56;82;21m'[38;2;73;91;25m,[38;2;80;93;25m,[38;2;83;95;27m,[38;2;82;92;28m,[38;2;89;95;29m,[38;2;92;96;27m;[38;2;93;96;27m;[38;2;93;98;26m;[38;2;104;118;32m:[38;2;106;129;30mc[38;2;108;133;31mc[38;2;108;135;29mc[38;2;110;135;30mc[38;2;108;133;31mc[38;2;108;131;31mc[38;2;108;125;32m:[38;2;104;120;30m:[38;2;103;111;31m:[38;2;92;95;30m,[38;2;92;96;28m;[38;2;84;90;27m,[38;2;74;84;29m'[38;2;81;94;27m,[38;2;82;101;25m,[38;2;56;83;25m'[38;2;50;80;32m'[38;2;42;71;40m.[38;2;50;73;47m.[38;2;101;112;81m:[38;2;144;140;104mo[38;2;121;114;87mc[38;2;66;64;49m.[38;2;17;17;15m [38;2;4;6;5m [38;2;6;8;7m [38;2;5;7;6m [38;2;6;8;7m [38;2;5;7;6m [38;2;4;6;5m [38;2;3;5;4m [38;2;3;5;4m [38;2;2;4;3m [38;2;2;4;3m [38;2;2;4;3m [38;2;2;3;2m [38;2;15;17;16m [38;2;53;53;53m.[38;2;72;72;72m'[38;2;35;35;35m.[38;2;6;6;6m [38;2;1;1;1m [38;2;1;1;1m [38;2;1;1;1m [38;2;0;0;0m [38;2;0;0;0m    [0m
[0m[38;2;0;0;0m    [38;2;1;1;1m [38;2;1;1;1m [38;2;1;1;1m [38;2;1;1;1m [38;2;1;1;1m [38;2;1;2;1m [38;2;1;3;2m [38;2;1;3;2m [38;2;2;4;3m [38;2;3;4;4m [38;2;3;5;4m [38;2;4;6;5m [38;2;4;6;5m [38;2;5;7;6m [38;2;5;7;6m [38;2;5;7;6m [38;2;6;8;7m [38;2;7;8;7m [38;2;7;8;8m [38;2;7;9;8m [38;2;8;10;9m [38;2;8;10;9m [38;2;7;9;8m [38;2;7;9;8m [38;2;6;7;6m [38;2;14;15;13m [38;2;53;51;40m.[38;2;87;83;65m,[38;2;119;113;89mc[38;2;128;125;95ml[38;2;130;133;98ml[38;2;128;139;99ml[38;2;104;123;82mc[38;2;80;103;64m;[38;2;66;92;52m,[38;2;63;90;44m,[38;2;58;87;34m'[38;2;56;83;25m'[38;2;60;87;23m'[38;2;65;89;23m'[38;2;69;91;22m,[38;2;71;92;22m,[38;2;71;93;22m,[38;2;68;91;23m,[38;2;65;87;22m'[38;2;59;83;22m'[38;2;58;83;27m'[38;2;62;88;37m'[38;2;42;70;31m.[38;2;41;69;37m.[38;2;84;107;67m;[38;2;68;92;60m,[38;2;38;57;38m.[38;2;92;99;76m;[38;2;134;132;98ml[38;2;70;69;55m'[38;2;19;23;17m [38;2;5;9;5m [38;2;3;5;4m [38;2;4;6;5m [38;2;5;7;6m [38;2;6;8;7m [38;2;6;8;7m [38;2;6;8;7m [38;2;5;7;6m [38;2;4;6;5m [38;2;4;6;5m [38;2;3;5;4m [38;2;3;5;4m [38;2;2;4;3m [38;2;2;4;3m [38;2;2;3;2m [38;2;1;3;2m [38;2;1;3;2m [38;2;2;2;2m [38;2;1;1;1m [38;2;1;1;1m [38;2;9;9;9m [38;2;1;1;1m [38;2;1;1;1m [38;2;0;0;0m [38;2;0;0;0m  [38;2;0;0;0m [38;2;0;0;0m [38;2;0;0;0m [38;2;0;0;0m  [0m
[0m[38;2;0;0;0m     [38;2;0;0;0m [38;2;0;0;0m [38;2;1;1;1m [38;2;1;1;1m [38;2;1;1;1m [38;2;1;1;1m [38;2;1;2;2m [38;2;1;2;2m [38;2;2;3;3m [38;2;2;4;3m [38;2;2;4;3m [38;2;3;5;4m [38;2;3;5;4m [38;2;3;5;4m [38;2;4;6;5m [38;2;4;6;5m [38;2;5;7;6m [38;2;5;7;6m [38;2;5;7;6m [38;2;6;8;7m [38;2;6;8;7m [38;2;6;8;7m [38;2;7;9;8m [38;2;7;9;8m [38;2;7;9;8m [38;2;7;9;8m [38;2;7;9;8m [38;2;7;9;8m [38;2;6;8;7m [38;2;5;7;6m [38;2;19;19;16m [38;2;46;45;38m.[38;2;66;62;49m.[38;2;84;79;61m,[38;2;99;93;73m;[38;2;115;109;86m:[38;2;122;117;91mc[38;2;122;118;89mc[38;2;125;121;91mc[38;2;113;112;84m:[38;2;120;120;92mc[38;2;113;114;84m:[38;2;110;109;82m:[38;2;111;111;87m:[38;2;114;112;86m:[38;2;115;112;87m:[38;2;86;86;68m,[38;2;34;38;29m.[38;2;37;38;30m.[38;2;61;60;46m.[38;2;22;23;20m [38;2;6;8;6m [38;2;3;5;3m [38;2;3;5;4m [38;2;4;6;5m [38;2;4;6;5m [38;2;6;8;7m [38;2;6;8;7m [38;2;5;7;6m [38;2;5;7;6m [38;2;4;6;5m [38;2;4;6;5m [38;2;4;6;5m [38;2;3;5;4m [38;2;2;4;3m [38;2;2;4;3m [38;2;2;4;3m [38;2;2;3;2m [38;2;2;3;2m [38;2;1;3;2m [38;2;1;1;1m [38;2;1;1;1m [38;2;1;1;1m [38;2;1;1;1m [38;2;1;1;1m [38;2;1;1;1m [38;2;1;1;1m [38;2;0;0;0m  [38;2;0;0;0m [38;2;0;0;0m [38;2;1;1;1m [38;2;0;0;0m [38;2;0;0;0m [38;2;0;0;0m   [0m
[0m[38;2;0;0;0m   [38;2;0;0;0m [38;2;0;0;0m [38;2;0;0;0m [38;2;0;0;0m [38;2;0;0;0m [38;2;0;0;0m [38;2;1;1;1m [38;2;1;1;1m [38;2;1;1;1m [38;2;1;1;1m [38;2;1;2;2m [38;2;1;3;2m [38;2;1;3;2m [38;2;1;3;2m [38;2;2;4;3m [38;2;2;4;3m [38;2;3;5;4m [38;2;3;5;4m [38;2;3;5;4m [38;2;4;6;5m [38;2;4;6;5m [38;2;5;7;6m [38;2;5;7;6m [38;2;5;7;6m [38;2;6;8;7m [38;2;5;7;6m [38;2;6;8;7m [38;2;6;8;7m [38;2;8;9;9m [38;2;8;9;8m [38;2;7;8;8m [38;2;8;9;8m [38;2;7;9;8m [38;2;9;9;9m [38;2;7;8;8m [38;2;7;8;8m [38;2;6;7;7m [38;2;6;8;6m [38;2;6;8;7m [38;2;5;7;5m [38;2;5;7;6m [38;2;5;7;6m [38;2;5;6;5m [38;2;5;6;5m [38;2;6;7;6m [38;2;5;7;6m [38;2;5;7;5m [38;2;6;8;7m [38;2;6;8;7m [38;2;6;8;7m [38;2;5;7;6m [38;2;5;7;6m [38;2;5;7;6m [38;2;5;7;6m [38;2;4;6;5m [38;2;5;7;6m [38;2;5;7;6m [38;2;3;5;4m [38;2;5;7;6m [38;2;5;7;6m [38;2;5;7;6m [38;2;4;6;5m [38;2;3;5;4m [38;2;2;4;3m [38;2;2;4;3m [38;2;1;3;2m [38;2;2;3;2m [38;2;2;3;2m [38;2;2;3;2m [38;2;2;2;2m [38;2;1;2;1m [38;2;1;2;1m [38;2;1;1;1m [38;2;1;1;1m [38;2;1;1;1m [38;2;1;1;1m [38;2;1;1;1m [38;2;0;0;0m [38;2;0;0;0m [38;2;0;0;0m [38;2;0;0;0m [38;2;0;0;0m [38;2;0;0;0m [38;2;0;0;0m [38;2;0;0;0m [38;2;0;0;0m [38;2;0;0;0m   [0m
[0m[38;2;0;0;0m [38;2;0;0;0m  [38;2;0;0;0m [38;2;0;0;0m [38;2;0;0;0m [38;2;0;0;0m [38;2;0;0;0m [38;2;0;0;0m [38;2;0;0;0m [38;2;1;1;1m [38;2;1;1;1m [38;2;1;1;1m [38;2;1;1;1m [38;2;1;1;1m [38;2;1;2;1m [38;2;2;2;2m [38;2;2;2;2m [38;2;1;2;2m [38;2;2;3;2m [38;2;2;3;3m [38;2;2;3;3m [38;2;3;4;3m [38;2;3;5;4m [38;2;3;5;4m [38;2;3;5;4m [38;2;4;5;5m [38;2;4;6;5m [38;2;4;6;5m [38;2;5;7;6m [38;2;6;6;6m [38;2;6;6;6m [38;2;5;6;6m [38;2;6;6;5m [38;2;6;6;6m [38;2;6;8;7m [38;2;6;8;7m [38;2;6;8;7m [38;2;6;8;7m [38;2;6;7;7m [38;2;6;8;7m [38;2;6;7;6m [38;2;6;8;7m [38;2;6;8;7m [38;2;7;8;8m [38;2;7;7;7m [38;2;7;7;7m [38;2;7;8;8m [38;2;6;7;7m [38;2;6;8;7m [38;2;6;8;7m [38;2;6;8;7m [38;2;6;7;6m [38;2;6;7;6m [38;2;5;7;6m [38;2;5;7;6m [38;2;4;6;5m [38;2;4;6;5m [38;2;3;4;3m [38;2;3;5;4m [38;2;3;4;4m [38;2;3;4;3m [38;2;3;5;4m [38;2;3;4;4m [38;2;2;4;3m [38;2;2;3;2m [38;2;2;2;2m [38;2;1;2;2m [38;2;1;2;2m [38;2;2;2;2m [38;2;2;2;2m [38;2;1;1;1m [38;2;1;1;1m [38;2;1;1;1m [38;2;1;1;1m [38;2;1;1;1m [38;2;1;1;1m [38;2;1;1;1m [38;2;1;1;1m [38;2;0;0;0m [38;2;0;0;0m [38;2;0;0;0m [38;2;0;0;0m [38;2;0;0;0m [38;2;0;0;0m [38;2;0;0;0m [38;2;0;0;0m [38;2;0;0;0m [38;2;0;0;0m [38;2;0;0;0m [38;2;0;0;0m [38;2;0;0;0m [0m
[0m[38;2;1;1;1m [38;2;1;1;1m [38;2;1;1;1m  [38;2;1;1;1m [38;2;1;1;1m [38;2;1;1;1m [38;2;0;0;0m [38;2;1;1;1m [38;2;1;1;1m    [38;2;1;1;1m [38;2;1;1;1m [38;2;1;1;1m [38;2;1;1;1m [38;2;2;2;2m [38;2;1;1;1m [38;2;2;2;2m [38;2;2;2;2m [38;2;2;2;2m [38;2;3;3;3m [38;2;4;4;4m [38;2;4;4;4m [38;2;3;3;3m [38;2;4;4;4m [38;2;4;5;4m [38;2;4;5;4m [38;2;5;5;5m [38;2;6;6;6m [38;2;6;6;6m [38;2;6;6;6m [38;2;5;5;3m [38;2;5;5;4m [38;2;6;6;6m [38;2;7;7;7m [38;2;6;6;6m [38;2;6;6;6m [38;2;6;6;6m [38;2;6;6;6m [38;2;6;7;6m [38;2;4;6;5m [38;2;6;6;6m [38;2;6;7;6m [38;2;6;8;7m [38;2;6;6;6m [38;2;6;7;7m [38;2;6;8;7m [38;2;7;7;7m [38;2;6;7;6m [38;2;5;6;6m [38;2;7;7;7m [38;2;6;6;6m [38;2;4;4;4m [38;2;4;6;5m [38;2;3;5;4m [38;2;4;5;4m [38;2;3;3;3m [38;2;3;3;3m [38;2;3;3;3m [38;2;4;4;4m [38;2;3;3;3m [38;2;3;3;3m [38;2;2;2;2m [38;2;2;2;2m [38;2;2;2;2m [38;2;2;2;2m [38;2;2;2;2m [38;2;2;2;2m [38;2;1;1;1m [38;2;1;1;1m [38;2;1;1;1m [38;2;1;1;1m [38;2;1;1;1m [38;2;1;1;1m [38;2;1;1;1m [38;2;1;1;1m [38;2;1;1;1m [38;2;1;1;1m [38;2;1;1;1m [38;2;1;1;1m [38;2;0;0;0m [38;2;0;0;0m [38;2;0;0;0m [38;2;0;0;0m [38;2;1;1;1m [38;2;1;1;1m  [38;2;1;1;1m [38;2;1;1;1m [38;2;1;1;1m [0m
