[0m[38;2;0;0;0m [38;2;0;0;0m [38;2;0;0;0m [38;2;0;0;0m [38;2;1;1;1m [38;2;1;2;1m [38;2;1;3;2m [38;2;2;4;3m [38;2;3;5;4m [38;2;4;6;5m [38;2;4;6;5m [38;2;5;7;6m [38;2;5;7;6m [38;2;5;7;6m [38;2;6;8;7m [38;2;5;7;6m [38;2;5;7;6m [38;2;4;6;5m [38;2;3;5;4m [38;2;3;5;4m [38;2;2;4;3m [38;2;1;3;2m [38;2;1;2;2m [38;2;1;2;1m [38;2;1;1;1m [38;2;1;1;1m [38;2;0;0;0m [38;2;0;0;0m [0m
[0m[38;2;0;0;0m [38;2;0;0;0m [38;2;1;1;1m [38;2;1;2;1m [38;2;2;3;2m [38;2;3;5;4m [38;2;4;6;5m [38;2;6;8;7m [38;2;29;29;24m [38;2;46;50;37m.[38;2;56;63;39m.[38;2;66;74;41m'[38;2;66;76;43m'[38;2;69;80;43m'[38;2;67;78;37m'[38;2;59;69;39m.[38;2;64;71;41m'[38;2;58;65;39m.[38;2;44;49;35m.[38;2;34;34;27m.[38;2;7;8;7m [38;2;5;7;6m [38;2;4;6;5m [38;2;3;5;4m [38;2;2;3;3m [38;2;1;2;2m [38;2;1;1;1m [38;2;0;0;0m [0m
[0m[38;2;0;0;0m [38;2;1;1;1m [38;2;2;3;2m [38;2;3;5;4m [38;2;5;7;6m [38;2;33;34;27m.[38;2;52;59;38m.[38;2;62;72;34m'[38;2;96;104;34m;[38;2;132;153;25ml[38;2;121;152;27ml[38;2;32;74;29m.[38;2;56;100;26m,[38;2;71;114;24m;[38;2;97;137;23mc[38;2;107;142;28mc[38;2;107;142;36mc[38;2;96;120;35m:[38;2;119;122;28mc[38;2;67;93;43m,[38;2;94;103;55m;[38;2;61;67;43m.[38;2;20;23;19m [38;2;7;8;7m [38;2;5;7;6m [38;2;4;6;5m [38;2;2;4;3m [38;2;1;2;1m [0m
[0m[38;2;2;2;2m [38;2;2;4;3m [38;2;4;6;5m [38;2;25;26;20m [38;2;75;80;52m'[38;2;95;109;42m;[38;2;137;159;33mo[38;2;169;200;31mk[38;2;163;177;26md[38;2;94;113;24m;[38;2;67;110;23m;[38;2;144;181;27md[38;2;107;151;34ml[38;2;118;161;33mo[38;2;101;138;40mc[38;2;94;120;57m:[38;2;100;115;64m:[38;2;105;119;72m:[38;2;109;117;62m:[38;2;62;95;55m,[38;2;153;183;32mx[38;2;150;174;28md[38;2;98;114;42m:[38;2;61;70;45m'[38;2;21;22;19m [38;2;7;8;8m [38;2;4;6;5m [38;2;2;4;3m [0m
[0m[38;2;3;5;4m [38;2;6;7;6m [38;2;39;39;30m.[38;2;89;98;57m;[38;2;94;102;27m;[38;2;165;180;21mx[38;2;163;183;33mx[38;2;165;184;31mx[38;2;168;190;28mx[38;2;112;130;20mc[38;2;144;158;22mo[38;2;119;133;49mc[38;2;149;158;78md[38;2;155;153;97md[38;2;190;177;125mk[38;2;153;152;112md[38;2;131;132;100ml[38;2;138;136;101ml[38;2;139;138;102mo[38;2;99;107;89m:[38;2;111;118;93mc[38;2;95;108;73m:[38;2;107;127;46mc[38;2;124;144;31ml[38;2;68;84;45m'[38;2;43;41;33m.[38;2;7;8;7m [38;2;4;6;5m [0m
[0m[38;2;4;6;5m [38;2;9;11;9m [38;2;65;76;50m'[38;2;93;109;30m;[38;2;122;163;32mo[38;2;115;148;31ml[38;2;114;141;31mc[38;2;89;114;36m;[38;2;95;108;51m;[38;2;155;148;89mo[38;2;156;149;108md[38;2;179;168;121mx[38;2;165;156;113md[38;2;152;145;107mo[38;2;167;157;116md[38;2;183;170;122mk[38;2;189;177;124mk[38;2;137;132;97ml[38;2;122;118;88mc[38;2;86;91;74m;[38;2;108;107;81m:[38;2;92;97;78m;[38;2;129;125;93ml[38;2;56;97;38m,[38;2;69;88;35m,[38;2;103;111;73m:[38;2;12;13;11m [38;2;5;7;6m [0m
[0m[38;2;5;7;6m [38;2;46;45;35m.[38;2;75;89;36m,[38;2;85;114;26m;[38;2;75;116;22m;[38;2;107;131;41mc[38;2;99;109;72m:[38;2;109;115;89mc[38;2;109;114;89m:[38;2;118;117;91mc[38;2;130;126;93ml[38;2;153;143;103mo[38;2;147;137;100mo[38;2;170;158;113mx[38;2;144;136;99mo[38;2;109;108;83m:[38;2;96;98;78m;[38;2;121;122;94mc[38;2;113;112;87m:[38;2;131;130;94ml[38;2;133;129;88ml[38;2;121;130;52mc[38;2;107;109;77m:[38;2;132;142;21ml[38;2;82;98;25m,[38;2;86;100;43m;[38;2;67;63;48m.[38;2;6;8;7m [0m
[0m[38;2;5;7;6m [38;2;56;53;41m.[38;2;82;96;39m,[38;2;145;174;27md[38;2;179;219;22mO[38;2;65;71;58m'[38;2;102;109;85m:[38;2;80;87;71m,[38;2;84;91;75m;[38;2;100;111;89m:[38;2;109;114;89m:[38;2;110;113;89m:[38;2;86;93;75m;[38;2;112;111;85m:[38;2;96;101;81m;[38;2;157;149;110md[38;2;81;97;59m;[38;2;136;131;95ml[38;2;54;79;45m'[38;2;101;109;65m:[38;2;70;87;41m,[38;2;95;123;44m:[38;2;52;82;40m'[38;2;114;158;25ml[38;2;142;169;26mo[38;2;84;98;43m;[38;2;60;57;44m.[38;2;6;8;7m [0m
[0m[38;2;5;7;6m [38;2;10;12;10m [38;2;97;103;67m;[38;2;106;122;28m:[38;2;163;176;19md[38;2;75;82;55m,[38;2;162;205;28mk[38;2;144;151;44mo[38;2;58;80;50m'[38;2;92;101;73m;[38;2;92;101;82m;[38;2;102;104;82m:[38;2;133;130;97ml[38;2;122;122;80mc[38;2;135;148;64mo[38;2;117;117;75mc[38;2;130;179;31md[38;2;72;79;63m,[38;2;60;96;44m,[38;2;118;121;40mc[38;2;119;130;26mc[38;2;117;129;25mc[38;2;116;130;26mc[38;2;110;127;27mc[38;2;75;91;34m,[38;2;88;97;64m;[38;2;10;11;10m [38;2;5;7;6m [0m
[0m[38;2;3;4;4m [38;2;5;7;6m [38;2;35;34;27m.[38;2;87;96;54m;[38;2;94;121;24m:[38;2;164;196;20mx[38;2;174;212;20mk[38;2;152;170;32md[38;2;24;75;19m.[38;2;168;203;20mk[38;2;68;107;39m;[38;2;41;70;39m.[38;2;114;118;70mc[38;2;95;102;37m;[38;2;125;139;47ml[38;2;115;142;40ml[38;2;101;142;25mc[38;2;104;131;34mc[38;2;80;118;46m;[38;2;174;194;38mk[38;2;175;200;30mk[38;2;179;203;29mk[38;2;175;200;21mk[38;2;105;111;25m:[38;2;96;104;62m;[38;2;40;39;30m.[38;2;7;8;7m [38;2;4;6;5m [0m
[0m[38;2;1;2;2m [38;2;2;4;3m [38;2;4;6;5m [38;2;15;16;14m [38;2;63;68;45m'[38;2;90;98;41m;[38;2;132;160;22mo[38;2;58;101;36m,[38;2;21;72;19m.[38;2;167;205;18mk[38;2;125;148;22ml[38;2;140;160;22mo[38;2;111;135;46mc[38;2;127;169;29mo[38;2;126;173;29mo[38;2;118;160;31ml[38;2;99;133;35mc[38;2;89;124;33m:[38;2;167;206;31mk[38;2;176;207;39mk[38;2;172;204;40mk[38;2;142;166;35mo[38;2;81;98;35m,[38;2;31;46;25m.[38;2;20;21;17m [38;2;5;7;6m [38;2;3;5;4m [38;2;1;3;2m [0m
[0m[38;2;1;1;1m [38;2;1;2;1m [38;2;2;4;3m [38;2;4;6;5m [38;2;6;8;7m [38;2;30;30;24m.[38;2;62;67;45m.[38;2;80;89;47m,[38;2;58;86;36m'[38;2;124;154;23ml[38;2;147;176;25md[38;2;78;117;34m;[38;2;112;127;24mc[38;2;153;170;19md[38;2;156;174;21md[38;2;137;147;21ml[38;2;129;132;18mc[38;2;135;133;23mc[38;2;121;131;26mc[38;2;104;121;47m:[38;2;91;100;51m;[38;2;60;66;43m.[38;2;17;19;15m [38;2;4;6;5m [38;2;14;15;15m [38;2;4;5;5m [38;2;1;1;1m [38;2;0;0;0m [0m
[0m[38;2;0;0;0m [38;2;0;0;0m [38;2;1;1;1m [38;2;1;3;2m [38;2;3;4;4m [38;2;4;6;5m [38;2;5;7;6m [38;2;6;8;7m [38;2;25;25;20m [38;2;45;49;36m.[38;2;53;60;38m.[38;2;65;73;40m'[38;2;66;75;41m'[38;2;71;81;41m'[38;2;68;78;40m'[38;2;58;68;36m.[38;2;53;61;32m.[38;2;39;48;28m.[38;2;21;28;19m [38;2;25;26;20m [38;2;4;6;5m [38;2;3;5;4m [38;2;2;3;3m [38;2;1;2;2m [38;2;9;9;9m [38;2;2;2;2m [38;2;0;0;0m [38;2;0;0;0m [0m
[0m[38;2;0;0;0m [38;2;0;0;0m [38;2;0;0;0m [38;2;1;1;1m [38;2;1;2;1m [38;2;2;2;2m [38;2;2;3;3m [38;2;3;5;4m [38;2;4;6;5m [38;2;6;6;6m [38;2;6;7;6m [38;2;6;7;7m [38;2;6;7;7m [38;2;7;8;7m [38;2;7;7;7m [38;2;6;8;7m [38;2;5;7;6m [38;2;4;5;4m [38;2;3;4;4m [38;2;2;4;3m [38;2;2;2;2m [38;2;1;1;1m [38;2;1;1;1m [38;2;1;1;1m [38;2;0;0;0m [38;2;0;0;0m [38;2;0;0;0m [38;2;1;1;1m [0m
